CGATS.17
ORIGINATOR	"spectral data from http://nparc.cisti-icist.nrc-cnrc.gc.ca/tt439.pdf  translated into English from the original source by Krinov in Russian (1947)."
DESCRIPTOR	"reflectance of 337 common objects, mostly outdoor objects seen from aircraft"
CREATED	"2017-04-25"
INSTRUMENTATION	"Unknown"
MEASUREMENT_SOURCE	"Illumination=Unknown ObserverAngle=Unknown WhiteBase=Abs Filter=Unknown"
WEIGHTING_FUNCTION	"ILLUMINANT, Unknown"
WEIGHTING_FUNCTION	"OBSERVER, Unknown degree"
QUANTITY	"reflectance"
KEYWORD	"SAMPLE_ID"
KEYWORD	"SAMPLE_NAME"
KEYWORD	"Group"

NUMBER_OF_FIELDS	29
BEGIN_DATA_FORMAT
SAMPLE_ID	Group	SAMPLE_NAME	nm400	nm410	nm420	nm430	nm440	nm450	nm460	nm470	nm480	nm490	nm500	nm510	nm520	nm530	nm540	nm550	nm560	nm570	nm580	nm590	nm600	nm610	nm620	nm630	nm640	nm650
END_DATA_FORMAT

NUMBER_OF_SETS	337
BEGIN_DATA
  1	1	Birch 1	0.051	0.052	0.054	0.061	0.062	0.065	0.063	0.062	0.065	0.066	0.066	0.080	0.096	0.114	0.138	0.148	0.136	0.128	0.121	0.114	0.113	0.109	0.106	0.105	0.104	0.094
  2	1	Birch 2	0.058	0.057	0.056	0.054	0.052	0.050	0.049	0.047	0.045	0.045	0.044	0.044	0.044	0.045	0.047	0.050	0.052	0.051	0.050	0.050	0.050	0.049	0.049	0.050	0.051	0.052
  3	1	Birch 3	0.047	0.048	0.049	0.050	0.052	0.056	0.059	0.060	0.060	0.061	0.063	0.071	0.090	0.119	0.138	0.147	0.142	0.130	0.117	0.111	0.103	0.103	0.095	0.092	0.090	0.086
  4	1	Birch 4	0.026	0.027	0.030	0.031	0.034	0.036	0.036	0.037	0.037	0.039	0.040	0.042	0.052	0.070	0.085	0.091	0.088	0.081	0.071	0.071	0.068	0.064	0.060	0.059	0.059	0.059
  5	1	Birch 5	0.059	0.060	0.061	0.062	0.061	0.065	0.073	0.076	0.075	0.087	0.095	0.106	0.120	0.149	0.169	0.176	0.178	0.173	0.168	0.168	0.160	0.152	0.153	0.151	0.143	0.141
  6	1	Birch 6	0.072	0.073	0.074	0.074	0.074	0.073	0.072	0.071	0.070	0.070	0.071	0.073	0.077	0.080	0.082	0.087	0.090	0.091	0.095	0.098	0.100	0.101	0.101	0.102	0.102	0.101
  7	1	Birch 7	0.044	0.045	0.047	0.049	0.050	0.052	0.054	0.055	0.056	0.058	0.060	0.070	0.085	0.106	0.121	0.128	0.123	0.119	0.109	0.098	0.090	0.086	0.082	0.079	0.078	0.076
  8	1	Birch 8	0.033	0.034	0.037	0.039	0.044	0.046	0.044	0.042	0.044	0.048	0.045	0.048	0.065	0.087	0.106	0.113	0.110	0.099	0.088	0.090	0.083	0.073	0.068	0.065	0.069	0.070
  9	1	Birch 9	0.084	0.086	0.086	0.091	0.097	0.101	0.109	0.115	0.123	0.131	0.144	0.161	0.185	0.213	0.233	0.245	0.249	0.247	0.241	0.234	0.229	0.224	0.220	0.211	0.205	0.202
 10	1	Birch 10	0.020	0.020	0.020	0.021	0.022	0.024	0.025	0.026	0.027	0.027	0.029	0.034	0.040	0.053	0.066	0.070	0.067	0.053	0.048	0.050	0.050	0.049	0.053	0.051	0.042	0.036
 11	1	Birch 11	0.202	0.203	0.204	0.205	0.209	0.210	0.211	0.211	0.212	0.214	0.215	0.215	0.215	0.214	0.213	0.213	0.213	0.216	0.220	0.224	0.231	0.239	0.247	0.254	0.261	0.269
 12	1	Elm 1	0.026	0.027	0.027	0.027	0.030	0.031	0.032	0.034	0.036	0.038	0.043	0.054	0.072	0.092	0.109	0.118	0.117	0.104	0.092	0.083	0.073	0.064	0.060	0.061	0.061	0.060
 13	1	Elm 2	0.033	0.033	0.033	0.035	0.037	0.039	0.040	0.040	0.039	0.037	0.039	0.046	0.058	0.078	0.096	0.108	0.105	0.095	0.084	0.074	0.066	0.058	0.052	0.050	0.050	0.049
 14	1	Oak 1	0.050	0.050	0.050	0.050	0.050	0.050	0.050	0.050	0.050	0.050	0.050	0.051	0.053	0.056	0.059	0.060	0.061	0.063	0.064	0.065	0.066	0.067	0.068	0.067	0.066	0.065
 15	1	Oak 2	0.044	0.043	0.043	0.043	0.041	0.040	0.040	0.040	0.040	0.040	0.045	0.057	0.084	0.115	0.129	0.150	0.140	0.108	0.089	0.073	0.085	0.066	0.060	0.063	0.053	0.049
 16	1	Oak 3	0.071	0.080	0.089	0.097	0.102	0.106	0.107	0.106	0.106	0.111	0.122	0.145	0.190	0.220	0.240	0.255	0.267	0.275	0.281	0.282	0.282	0.284	0.289	0.299	0.315	0.330
 17	1	Fir 1	0.010	0.010	0.010	0.010	0.010	0.011	0.011	0.012	0.011	0.010	0.010	0.010	0.018	0.020	0.022	0.024	0.024	0.023	0.021	0.018	0.020	0.018	0.018	0.018	0.017	0.015
 18	1	Fir 2	0.031	0.035	0.033	0.035	0.035	0.037	0.037	0.039	0.041	0.043	0.048	0.055	0.065	0.079	0.090	0.098	0.100	0.094	0.088	0.086	0.085	0.085	0.080	0.079	0.078	0.076
 19	1	Fir 3	0.020	0.020	0.022	0.029	0.028	0.030	0.030	0.032	0.032	0.033	0.040	0.048	0.064	0.082	0.097	0.107	0.104	0.094	0.082	0.076	0.074	0.071	0.066	0.065	0.065	0.066
 21	1	Fir 4	0.023	0.024	0.025	0.027	0.028	0.026	0.027	0.026	0.026	0.026	0.022	0.031	0.036	0.041	0.051	0.049	0.048	0.050	0.044	0.043	0.044	0.042	0.040	0.043	0.043	0.035
 22	1	Fir 5	0.034	0.037	0.038	0.044	0.044	0.047	0.048	0.050	0.051	0.051	0.054	0.070	0.094	0.129	0.147	0.157	0.154	0.136	0.121	0.110	0.114	0.112	0.111	0.101	0.100	0.099
 23	1	Fir 6	0.027	0.025	0.022	0.020	0.022	0.023	0.026	0.028	0.030	0.031	0.033	0.038	0.045	0.057	0.063	0.066	0.062	0.057	0.051	0.049	0.050	0.050	0.050	0.050	0.048	0.042
 24	1	Fir 7	0.049	0.050	0.051	0.054	0.055	0.057	0.058	0.060	0.061	0.063	0.069	0.076	0.085	0.098	0.105	0.111	0.111	0.108	0.100	0.099	0.093	0.095	0.096	0.097	0.090	0.090
 25	1	Fir 8	0.030	0.026	0.026	0.026	0.025	0.024	0.024	0.025	0.025	0.025	0.025	0.027	0.030	0.034	0.036	0.038	0.036	0.035	0.031	0.030	0.028	0.030	0.028	0.027	0.026	0.028
 26	1	Willow	0.105	0.100	0.099	0.096	0.094	0.092	0.090	0.090	0.090	0.091	0.095	0.100	0.105	0.111	0.114	0.114	0.112	0.108	0.103	0.100	0.097	0.094	0.090	0.087	0.083	0.080
 28	1	Linden 1	0.068	0.066	0.062	0.060	0.064	0.066	0.064	0.063	0.066	0.070	0.072	0.074	0.077	0.078	0.080	0.081	0.081	0.082	0.082	0.084	0.086	0.087	0.088	0.089	0.089	0.089
 29	1	Linden 2	0.034	0.032	0.032	0.038	0.042	0.045	0.046	0.047	0.047	0.043	0.047	0.059	0.081	0.099	0.111	0.116	0.105	0.092	0.082	0.068	0.078	0.066	0.064	0.060	0.055	0.052
 30	1	Linden 3	0.034	0.032	0.032	0.033	0.030	0.030	0.030	0.039	0.055	0.052	0.045	0.038	0.034	0.039	0.051	0.071	0.080	0.098	0.088	0.087	0.082	0.076	0.081	0.081	0.064	0.062
 31	1	Larch 1	0.034	0.036	0.038	0.039	0.040	0.041	0.042	0.043	0.045	0.045	0.045	0.045	0.047	0.050	0.051	0.052	0.053	0.054	0.054	0.054	0.054	0.054	0.054	0.054	0.054	0.054
 32	1	Larch 2	0.024	0.024	0.024	0.024	0.031	0.034	0.035	0.035	0.036	0.039	0.044	0.057	0.072	0.085	0.095	0.099	0.096	0.084	0.075	0.068	0.064	0.061	0.060	0.060	0.059	0.059
 33	1	Larch 3	0.041	0.041	0.041	0.044	0.044	0.047	0.048	0.047	0.042	0.035	0.039	0.049	0.064	0.079	0.089	0.092	0.088	0.078	0.068	0.061	0.056	0.052	0.050	0.050	0.049	0.049
 34	1	Juniper	0.028	0.026	0.024	0.030	0.033	0.038	0.039	0.038	0.035	0.036	0.043	0.053	0.067	0.084	0.096	0.105	0.100	0.089	0.079	0.072	0.070	0.069	0.069	0.069	0.069	0.069
 35	1	Alder	0.030	0.028	0.030	0.030	0.031	0.033	0.033	0.035	0.035	0.034	0.037	0.041	0.058	0.077	0.089	0.096	0.087	0.082	0.071	0.068	0.067	0.062	0.058	0.054	0.051	0.051
 36	1	Aspen 1	0.056	0.057	0.059	0.061	0.062	0.063	0.065	0.068	0.070	0.071	0.072	0.074	0.076	0.079	0.081	0.082	0.084	0.085	0.087	0.089	0.090	0.090	0.090	0.090	0.091	0.091
 37	1	Aspen 2	0.034	0.035	0.038	0.040	0.043	0.046	0.046	0.048	0.048	0.049	0.054	0.064	0.082	0.106	0.109	0.124	0.122	0.108	0.095	0.090	0.084	0.081	0.077	0.074	0.073	0.072
 38	1	Aspen 3	0.040	0.041	0.042	0.045	0.048	0.050	0.051	0.051	0.051	0.054	0.061	0.074	0.102	0.118	0.123	0.129	0.128	0.116	0.103	0.094	0.090	0.087	0.082	0.079	0.079	0.079
 39	1	Aspen 4	0.041	0.040	0.041	0.042	0.043	0.043	0.042	0.041	0.042	0.047	0.052	0.063	0.080	0.107	0.117	0.125	0.128	0.125	0.117	0.104	0.095	0.087	0.080	0.071	0.060	0.055
 40	1	Aspen 5	0.020	0.020	0.020	0.021	0.022	0.024	0.027	0.030	0.031	0.030	0.030	0.034	0.042	0.055	0.065	0.072	0.073	0.071	0.065	0.058	0.058	0.060	0.059	0.051	0.058	0.058
 41	1	Aspen 6	0.030	0.030	0.030	0.030	0.031	0.032	0.034	0.035	0.037	0.040	0.044	0.053	0.065	0.081	0.088	0.092	0.098	0.090	0.080	0.072	0.068	0.066	0.065	0.064	0.063	0.062
 42	1	Aspen 7	0.047	0.046	0.048	0.049	0.050	0.051	0.054	0.061	0.068	0.074	0.081	0.091	0.112	0.142	0.161	0.177	0.188	0.200	0.210	0.220	0.220	0.214	0.208	0.199	0.191	0.186
 43	1	Haloxylon 1	0.096	0.095	0.094	0.094	0.095	0.097	0.100	0.103	0.103	0.101	0.102	0.109	0.117	0.114	0.130	0.131	0.130	0.127	0.123	0.123	0.123	0.124	0.125	0.126	0.126	0.127
 44	1	Haloxylon 2	0.138	0.135	0.132	0.130	0.128	0.126	0.125	0.124	0.123	0.123	0.123	0.124	0.127	0.131	0.136	0.141	0.145	0.148	0.150	0.151	0.153	0.155	0.157	0.159	0.159	0.159
 45	1	Pine 1	0.051	0.059	0.059	0.064	0.066	0.066	0.070	0.072	0.074	0.075	0.084	0.091	0.096	0.106	0.121	0.126	0.130	0.129	0.129	0.130	0.128	0.136	0.130	0.130	0.131	0.129
 46	1	Pine 2	0.052	0.052	0.052	0.050	0.048	0.051	0.052	0.052	0.053	0.053	0.060	0.062	0.075	0.090	0.099	0.104	0.107	0.102	0.096	0.094	0.092	0.094	0.092	0.090	0.089	0.090
 47	1	Pine 3	0.018	0.017	0.017	0.017	0.017	0.016	0.015	0.015	0.015	0.015	0.016	0.017	0.017	0.019	0.021	0.021	0.021	0.020	0.020	0.019	0.019	0.019	0.019	0.019	0.018	0.017
 48	1	Pine 4	0.021	0.021	0.021	0.022	0.023	0.025	0.025	0.026	0.027	0.027	0.026	0.030	0.034	0.040	0.046	0.050	0.048	0.045	0.040	0.040	0.041	0.043	0.042	0.040	0.038	0.039
 49	1	Pine 5	0.032	0.031	0.030	0.033	0.033	0.032	0.034	0.037	0.035	0.033	0.032	0.036	0.041	0.048	0.051	0.054	0.053	0.049	0.046	0.044	0.045	0.048	0.053	0.052	0.049	0.048
 50	2	Weeds 1	0.024	0.021	0.019	0.019	0.020	0.020	0.021	0.023	0.025	0.027	0.029	0.032	0.033	0.037	0.038	0.039	0.039	0.040	0.041	0.041	0.043	0.044	0.044	0.045	0.046	0.046
 51	2	Weeds 2	0.050	0.050	0.050	0.051	0.054	0.056	0.060	0.064	0.068	0.071	0.076	0.079	0.083	0.087	0.090	0.093	0.097	0.099	0.101	0.104	0.108	0.110	0.112	0.114	0.116	0.117
 52	2	Weeds 3	0.031	0.031	0.031	0.032	0.033	0.033	0.033	0.033	0.033	0.035	0.037	0.039	0.040	0.041	0.046	0.047	0.046	0.044	0.047	0.051	0.056	0.061	0.063	0.067	0.071	0.075
 53	2	Heather	0.018	0.019	0.020	0.024	0.026	0.024	0.027	0.029	0.028	0.027	0.027	0.027	0.029	0.033	0.041	0.045	0.044	0.042	0.040	0.039	0.040	0.050	0.054	0.052	0.050	0.048
 54	2	River valley (3 km) 	0.130	0.122	0.115	0.109	0.106	0.103	0.102	0.104	0.108	0.110	0.120	0.124	0.132	0.141	0.146	0.144	0.141	0.137	0.131	0.127	0.122	0.116	0.126	0.133	0.127	0.120
 55	2	Willow herb	0.074	0.085	0.090	0.109	0.105	0.104	0.102	0.106	0.101	0.100	0.098	0.099	0.110	0.116	0.126	0.122	0.119	0.117	0.114	0.111	0.127	0.148	0.146	0.146	0.157	0.166
 56	2	Ilyas 1	0.112	0.116	0.120	0.126	0.132	0.139	0.148	0.156	0.164	0.172	0.181	0.189	0.195	0.205	0.218	0.229	0.239	0.249	0.255	0.261	0.261	0.260	0.259	0.260	0.261	0.266
 57	2	Ilyas 2	0.128	0.141	0.153	0.169	0.183	0.199	0.210	0.220	0.229	0.235	0.244	0.254	0.268	0.285	0.301	0.317	0.324	0.335	0.349	0.360	0.369	0.373	0.379	0.382	0.388	0.395
 58	2	Ilyas 3	0.150	0.163	0.180	0.195	0.209	0.222	0.231	0.243	0.252	0.261	0.270	0.280	0.292	0.309	0.322	0.335	0.346	0.360	0.372	0.382	0.388	0.392	0.395	0.399	0.404	0.415
 59	2	Ilyas 4	0.161	0.176	0.191	0.209	0.222	0.237	0.250	0.262	0.273	0.283	0.291	0.300	0.310	0.328	0.338	0.349	0.361	0.372	0.381	0.390	0.397	0.401	0.405	0.411	0.420	0.430
 60	2	Ilyas 5	0.090	0.092	0.094	0.098	0.102	0.109	0.118	0.127	0.135	0.143	0.150	0.155	0.160	0.164	0.168	0.170	0.170	0.170	0.169	0.164	0.160	0.159	0.160	0.160	0.161	0.160
 61	2	Ilyas 6	0.102	0.104	0.108	0.110	0.115	0.121	0.128	0.139	0.148	0.157	0.163	0.171	0.173	0.177	0.179	0.180	0.181	0.181	0.180	0.179	0.179	0.179	0.179	0.180	0.181	0.182
 62	2	Ilyas 7	0.119	0.121	0.125	0.131	0.136	0.143	0.150	0.159	0.169	0.176	0.182	0.188	0.192	0.197	0.199	0.200	0.201	0.202	0.203	0.204	0.205	0.205	0.205	0.205	0.205	0.205
 63	2	Ilyas 8	0.130	0.143	0.157	0.171	0.180	0.188	0.196	0.201	0.208	0.216	0.225	0.240	0.253	0.171	0.185	0.300	0.318	0.341	0.362	0.373	0.371	0.356	0.347	0.347	0.355	0.366
 64	2	Ilyas 9	0.163	0.186	0.205	0.222	0.236	0.246	0.253	0.260	0.264	0.271	0.280	0.292	0.300	0.311	0.323	0.387	0.350	0.365	0.380	0.394	0.400	0.398	0.395	0.397	0.402	0.409
 65	2	Ilyas 10	0.201	0.220	0.238	0.252	0.262	0.271	0.277	0.281	0.288	0.293	0.300	0.307	0.315	0.324	0.333	0.346	0.360	0.377	0.390	0.401	0.408	0.406	0.402	0.404	0.410	0.416
 66	2	Ilyas 11	0.149	0.149	0.149	0.150	0.157	0.163	0.174	0.196	0.210	0.228	0.239	0.247	0.251	0.259	0.261	0.267	0.269	0.270	0.270	0.270	0.270	0.279	0.269	0.266	0.262	0.261
 67	2	Ilyas 12	0.152	0.153	0.154	0.159	0.162	0.171	0.182	0.200	0.215	0.222	0.227	0.230	0.231	0.232	0.234	0.235	0.239	0.243	0.246	0.248	0.248	0.246	0.243	0.239	0.233	0.229
 68	2	Ilyas 13	0.149	0.149	0.149	0.150	0.157	0.163	0.176	0.190	0.200	0.209	0.218	0.222	0.223	0.226	0.227	0.228	0.230	0.232	0.235	0.238	0.239	0.239	0.237	0.231	0.228	0.222
 69	2	Reeds	0.054	0.050	0.049	0.056	0.060	0.061	0.060	0.059	0.060	0.056	0.070	0.077	0.096	0.110	0.119	0.120	0.112	0.111	0.112	0.105	0.088	0.078	0.078	0.078	0.074	0.082
 70	2	Turf hillocks	0.011	0.012	0.012	0.013	0.013	0.013	0.013	0.013	0.013	0.014	0.015	0.018	0.028	0.037	0.043	0.046	0.044	0.040	0.035	0.035	0.035	0.033	0.030	0.030	0.031	0.027
 71	2	Edge of ravine	0.035	0.040	0.048	0.054	0.061	0.069	0.070	0.071	0.071	0.071	0.071	0.074	0.080	0.090	0.096	0.100	0.103	0.108	0.110	0.111	0.113	0.114	0.113	0.111	0.109	0.102
 72	2	Edges or river bank	0.101	0.106	0.109	0.110	0.110	0.112	0.117	0.121	0.127	0.130	0.133	0.136	0.139	0.140	0.141	0.141	0.142	0.143	0.147	0.151	0.159	0.168	0.171	0.176	0.179	0.180
 73	2	Alpine meadow	0.029	0.030	0.032	0.036	0.039	0.041	0.043	0.047	0.050	0.051	0.055	0.060	0.068	0.075	0.081	0.086	0.087	0.086	0.084	0.083	0.085	0.089	0.093	0.099	0.105	0.112
 74	2	Alpine meadow (mowed)	0.044	0.036	0.049	0.051	0.055	0.059	0.063	0.068	0.071	0.075	0.081	0.089	0.096	0.103	0.109	0.112	0.116	0.118	0.117	0.115	0.113	0.118	0.125	0.132	0.140	0.142
 75	2	Pasture meadow 1	0.030	0.033	0.039	0.040	0.041	0.042	0.043	0.044	0.045	0.045	0.049	0.059	0.075	0.087	0.094	0.098	0.096	0.088	0.081	0.081	0.085	0.085	0.079	0.073	0.069	0.075
 76	2	Pasture meadow 2	0.030	0.033	0.039	0.040	0.041	0.043	0.046	0.046	0.050	0.051	0.053	0.068	0.082	0.095	0.102	0.105	0.101	0.094	0.088	0.086	0.089	0.089	0.083	0.079	0.072	0.080
 77	2	Pasture meadow 3	0.031	0.038	0.042	0.048	0.050	0.051	0.052	0.054	0.056	0.057	0.060	0.077	0.091	0.103	0.111	0.115	0.112	0.105	0.097	0.091	0.095	0.095	0.091	0.088	0.085	0.089
 78	2	Pasture meadow 4	0.026	0.029	0.030	0.034	0.039	0.042	0.043	0.041	0.045	0.050	0.058	0.069	0.075	0.109	0.135	0.151	0.145	0.130	0.121	0.114	0.110	0.103	0.100	0.099	0.098	0.098
 79	2	Pasture meadow 5	0.053	0.061	0.067	0.071	0.075	0.079	0.081	0.086	0.090	0.095	0.102	0.114	0.131	0.158	0.194	0.213	0.204	0.182	0.163	0.155	0.151	0.150	0.150	0.150	0.150	0.151
 80	2	Pasture meadow 6	0.128	0.130	0.131	0.133	0.139	0.145	0.150	0.154	0.161	0.171	0.179	0.189	0.210	0.319	0.369	0.375	0.338	0.349	0.293	0.281	0.270	0.257	0.247	0.239	0.226	0.206
 81	2	Pasture meadow 7	0.034	0.039	0.040	0.041	0.042	0.044	0.046	0.047	0.049	0.050	0.056	0.063	0.075	0.090	0.101	0.108	0.107	0.099	0.092	0.090	0.088	0.088	0.089	0.090	0.089	0.086
 82	2	Meadow 1	0.064	0.068	0.071	0.073	0.076	0.078	0.080	0.081	0.082	0.084	0.087	0.090	0.100	0.121	0.144	0.167	0.173	0.161	0.149	0.137	0.128	0.124	0.122	0.121	0.122	0.125
 83	2	Meadow 2	0.051	0.058	0.063	0.068	0.070	0.075	0.079	0.082	0.087	0.091	0.095	0.105	0.117	0.144	0.177	0.194	0.196	0.186	0.170	0.151	0.141	0.138	0.134	0.133	0.137	0.143
 84	2	Meadow 3	0.050	0.053	0.057	0.060	0.061	0.066	0.069	0.075	0.079	0.083	0.090	0.097	0.108	0.131	0.157	0.178	0.180	0.171	0.158	0.142	0.135	0.130	0.130	0.130	0.130	0.133
 85	2	Meadow 4	0.030	0.038	0.042	0.048	0.050	0.051	0.052	0.053	0.052	0.052	0.055	0.062	0.075	0.093	0.107	0.112	0.113	0.111	0.110	0.109	0.105	0.101	0.096	0.091	0.087	0.085
 86	2	Meadow 5	0.037	0.037	0.037	0.038	0.039	0.040	0.041	0.042	0.041	0.045	0.050	0.060	0.078	0.100	0.122	0.132	0.130	0.116	0.107	0.101	0.102	0.095	0.089	0.085	0.080	0.075
 87	2	Meadow 6	0.041	0.040	0.042	0.045	0.050	0.052	0.055	0.057	0.058	0.060	0.067	0.080	0.105	0.131	0.159	0.170	0.171	0.160	0.142	0.139	0.140	0.139	0.134	0.130	0.125	0.120
 88	2	Meadow 7	0.050	0.060	0.065	0.071	0.080	0.082	0.082	0.082	0.088	0.097	0.110	0.135	0.173	0.211	0.261	0.280	0.279	0.262	0.243	0.239	0.239	0.241	0.242	0.232	0.220	0.210
 89	2	Meadow 8	0.026	0.029	0.030	0.031	0.033	0.037	0.040	0.043	0.045	0.047	0.049	0.050	0.054	0.081	0.100	0.125	0.142	0.132	0.123	0.126	0.132	0.132	0.127	0.117	0.110	0.105
 90	2	Meadow 9	0.017	0.018	0.019	0.020	0.021	0.025	0.030	0.036	0.039	0.040	0.041	0.044	0.050	0.060	0.071	0.095	0.129	0.154	0.151	0.143	0.132	0.128	0.130	0.131	0.129	0.121
 92	2	Sedge meadow	0.030	0.033	0.035	0.039	0.043	0.047	0.049	0.050	0.047	0.048	0.054	0.069	0.090	0.130	0.160	0.181	0.181	0.166	0.149	0.132	0.133	0.133	0.126	0.123	0.121	0.121
 93	2	Meadow with daisies	0.050	0.058	0.074	0.081	0.081	0.080	0.080	0.080	0.083	0.087	0.094	0.104	0.120	0.134	0.146	0.139	0.142	0.138	0.132	0.129	0.131	0.132	0.136	0.134	0.130	0.129
 94	2	Lush meadow	0.015	0.015	0.018	0.020	0.022	0.025	0.027	0.029	0.027	0.026	0.029	0.035	0.050	0.072	0.093	0.104	0.097	0.084	0.073	0.067	0.061	0.060	0.059	0.052	0.047	0.040
 95	2	Dry meadow 1	0.022	0.022	0.023	0.024	0.026	0.027	0.029	0.028	0.032	0.035	0.040	0.049	0.066	0.086	0.102	0.115	0.110	0.096	0.087	0.078	0.070	0.065	0.161	0.056	0.054	0.057
 96	2	Dry meadow 2	0.020	0.020	0.020	0.020	0.022	0.023	0.025	0.026	0.028	0.030	0.032	0.041	0.059	0.079	0.098	0.111	0.105	0.092	0.080	0.072	0.065	0.061	0.057	0.050	0.045	0.042
 98	2	Dry meadow 3	0.022	0.022	0.023	0.024	0.028	0.030	0.032	0.034	0.038	0.040	0.045	0.060	0.082	0.115	0.128	0.129	0.123	0.111	0.100	0.090	0.082	0.077	0.073	0.070	0.070	0.070
 99	2	Dry meadow 4	0.022	0.022	0.023	0.024	0.028	0.030	0.032	0.034	0.038	0.040	0.045	0.062	0.092	0.123	0.143	0.151	0.147	0.127	0.110	0.095	0.088	0.081	0.079	0.077	0.077	0.078
100	2	Dry meadow 5	0.022	0.022	0.023	0.028	0.032	0.035	0.039	0.040	0.039	0.040	0.049	0.070	0.105	0.149	0.182	0.198	0.182	0.161	0.141	0.134	0.133	0.110	0.095	0.100	0.092	0.096
101	2	Dry meadow 6	0.020	0.020	0.021	0.023	0.026	0.029	0.030	0.030	0.031	0.033	0.038	0.050	0.078	0.112	0.129	0.133	0.131	0.120	0.107	0.098	0.094	0.091	0.084	0.079	0.073	0.071
102	2	Dry meadow 7	0.023	0.023	0.026	0.028	0.031	0.033	0.035	0.035	0.035	0.038	0.042	0.056	0.090	0.119	0.134	0.145	0.142	0.131	0.114	0.103	0.100	0.097	0.094	0.089	0.082	0.077
103	2	Dry meadow 8	0.023	0.023	0.026	0.028	0.031	0.033	0.035	0.035	0.035	0.038	0.043	0.065	0.102	0.138	0.154	0.160	0.155	0.142	0.128	0.116	0.109	0.103	0.100	0.096	0.092	0.084
104	2	Dry meadow 9	0.029	0.030	0.031	0.033	0.037	0.039	0.040	0.040	0.040	0.042	0.051	0.075	0.120	0.155	0.179	0.190	0.184	0.170	0.150	0.183	0.171	0.111	0.109	0.104	0.095	0.088
105	2	Dry meadow 10	0.030	0.031	0.037	0.045	0.043	0.047	0.053	0.058	0.056	0.058	0.068	0.086	0.124	0.172	0.206	0.225	0.224	0.221	0.204	0.185	0.186	0.176	0.161	0.157	0.152	0.150
106	2	Dry meadow 11	0.021	0.021	0.022	0.023	0.024	0.025	0.026	0.029	0.030	0.031	0.035	0.041	0.055	0.076	0.090	0.095	0.090	0.081	0.073	0.069	0.063	0.060	0.059	0.057	0.055	0.054
107	2	Dry meadow 12	0.028	0.028	0.029	0.030	0.031	0.032	0.034	0.036	0.038	0.039	0.045	0.053	0.070	0.089	0.108	0.118	0.112	0.103	0.096	0.090	0.082	0.079	0.073	0.070	0.068	0.066
108	2	Dry meadow 13	0.037	0.037	0.037	0.038	0.039	0.040	0.041	0.042	0.043	0.047	0.052	0.064	0.080	0.101	0.121	0.134	0.131	0.122	0.111	0.103	0.097	0.090	0.087	0.082	0.080	0.079
109	2	Dry meadow 14	0.040	0.042	0.045	0.049	0.050	0.053	0.056	0.058	0.060	0.063	0.070	0.088	0.120	0.159	0.180	0.184	0.173	0.159	0.147	0.134	0.126	0.119	0.112	0.107	0.101	0.100
110	2	Dry meadow 15	0.050	0.057	0.062	0.069	0.073	0.079	0.081	0.084	0.085	0.089	0.095	0.115	0.152	0.202	0.245	0.251	0.227	0.214	0.211	0.201	0.191	0.184	0.178	0.169	0.161	0.164
111	2	Dry meadow 16	0.043	0.044	0.045	0.047	0.049	0.051	0.053	0.057	0.059	0.061	0.069	0.077	0.100	0.150	0.180	0.192	0.181	0.163	0.149	0.127	0.125	0.116	0.104	0.096	0.087	0.072
112	2	Dry meadow 17	0.050	0.050	0.050	0.051	0.053	0.057	0.060	0.061	0.062	0.068	0.072	0.074	0.129	0.178	0.203	0.218	0.209	0.181	0.160	0.141	0.146	0.133	0.121	0.110	0.095	0.082
113	2	Dry meadow 18	0.050	0.050	0.050	0.051	0.053	0.057	0.060	0.061	0.062	0.068	0.072	0.074	0.115	0.167	0.192	0.210	0.199	0.173	0.155	0.152	0.161	0.146	0.131	0.117	0.105	0.094
114	2	Dry meadow 19	0.027	0.032	0.035	0.035	0.045	0.037	0.038	0.041	0.040	0.039	0.041	0.054	0.089	0.116	0.126	0.131	0.121	0.114	0.093	0.084	0.073	0.079	0.077	0.068	0.070	0.067
115	2	Dry meadow 20	0.024	0.029	0.030	0.031	0.031	0.032	0.033	0.038	0.036	0.036	0.040	0.051	0.075	0.110	0.123	0.128	0.119	0.106	0.091	0.077	0.071	0.069	0.060	0.056	0.052	0.058
116	2	Dry meadow 21	0.024	0.029	0.030	0.031	0.031	0.032	0.033	0.038	0.036	0.036	0.040	0.051	0.075	0.110	0.123	0.128	0.127	0.120	0.104	0.091	0.086	0.080	0.070	0.063	0.059	0.061
117	2	Dry meadow 22	0.024	0.029	0.030	0.031	0.031	0.032	0.033	0.038	0.036	0.036	0.040	0.051	0.075	0.110	0.123	0.128	0.119	0.106	0.091	0.089	0.089	0.090	0.090	0.084	0.083	0.075
118	2	Dry meadow 23	0.027	0.032	0.035	0.035	0.035	0.037	0.038	0.041	0.040	0.039	0.041	0.054	0.089	0.128	0.147	0.150	0.141	0.126	0.112	0.099	0.092	0.089	0.080	0.075	0.072	0.070
119	2	Dry meadow 24	0.024	0.029	0.030	0.031	0.031	0.032	0.033	0.038	0.040	0.042	0.050	0.069	0.115	0.161	0.184	0.184	0.164	0.150	0.127	0.112	0.108	0.101	0.095	0.091	0.093	0.080
120	2	Dry meadow 25	0.029	0.027	0.026	0.026	0.027	0.030	0.031	0.030	0.029	0.030	0.031	0.037	0.052	0.075	0.095	0.110	0.104	0.098	0.089	0.080	0.071	0.064	0.059	0.058	0.059	0.060
121	2	Dry meadow 26	0.030	0.030	0.030	0.031	0.033	0.037	0.037	0.036	0.039	0.040	0.044	0.058	0.080	0.109	0.127	0.134	0.131	0.120	0.110	0.100	0.094	0.087	0.080	0.075	0.070	0.067
122	2	Dry meadow 27	0.030	0.030	0.030	0.031	0.033	0.037	0.037	0.036	0.039	0.040	0.044	0.058	0.080	0.109	0.127	0.134	0.131	0.120	0.110	0.100	0.094	0.087	0.080	0.075	0.070	0.067
123	2	Dry meadow 28	0.030	0.030	0.030	0.031	0.033	0.037	0.038	0.040	0.042	0.047	0.054	0.068	0.095	0.122	0.140	0.149	0.141	0.131	0.120	0.110	0.101	0.092	0.087	0.083	0.081	0.081
124	2	Dry meadow 29	0.033	0.034	0.035	0.038	0.040	0.043	0.047	0.049	0.051	0.057	0.066	0.088	0.115	0.140	0.154	0.163	0.161	0.152	0.142	0.132	0.123	0.114	0.107	0.099	0.094	0.093
125	2	Dry meadow 30	0.036	0.038	0.044	0.047	0.045	0.048	0.049	0.050	0.053	0.050	0.054	0.067	0.091	0.125	0.152	0.164	0.157	0.134	0.114	0.100	0.104	0.105	0.094	0.082	0.080	0.080
126	2	Dry meadow 31	0.038	0.040	0.044	0.050	0.052	0.058	0.057	0.057	0.057	0.056	0.062	0.076	0.103	0.141	0.165	0.175	0.173	0.157	0.134	0.117	0.118	0.128	0.109	0.098	0.092	0.091
127	2	Dry meadow 32	0.038	0.040	0.044	0.050	0.052	0.058	0.057	0.057	0.057	0.062	0.068	0.084	0.119	0.155	0.176	0.182	0.178	0.163	0.141	0.126	0.145	0.159	0.142	0.121	0.108	0.108
128	2	Dry meadow 33	0.038	0.040	0.044	0.050	0.052	0.058	0.057	0.057	0.057	0.062	0.068	0.084	0.120	0.164	0.197	0.214	0.211	0.175	0.150	0.133	0.131	0.144	0.133	0.126	0.121	0.123
129	2	Dry meadow 34	0.038	0.040	0.044	0.050	0.052	0.058	0.057	0.057	0.057	0.062	0.068	0.084	0.120	0.179	0.212	0.229	0.245	0.210	0.170	0.153	0.151	0.150	0.143	0.139	0.138	0.135
130	2	Dry meadow 35	0.022	0.022	0.030	0.034	0.040	0.040	0.040	0.044	0.045	0.042	0.046	0.058	0.091	0.121	0.139	0.146	0.140	0.128	0.114	0.100	0.094	0.077	0.090	0.085	0.070	0.060
131	2	Dry meadow 36	0.024	0.026	0.032	0.034	0.043	0.042	0.046	0.046	0.048	0.045	0.049	0.066	0.094	0.130	0.156	0.164	0.157	0.141	0.134	0.114	0.114	0.108	0.102	0.088	0.088	0.067
132	2	Dry meadow 37	0.028	0.030	0.034	0.042	0.049	0.050	0.050	0.051	0.051	0.051	0.055	0.074	0.111	0.160	0.187	0.196	0.192	0.162	0.133	0.112	0.106	0.092	0.092	0.078	0.062	0.060
133	2	Dry meadow 38	0.028	0.030	0.031	0.042	0.049	0.050	0.050	0.051	0.051	0.051	0.055	0.073	0.106	0.156	0.184	0.190	0.185	0.160	0.139	0.122	0.130	0.116	0.104	0.102	0.090	0.076
134	2	Dry meadow 39	0.028	0.030	0.034	0.042	0.049	0.050	0.050	0.051	0.051	0.051	0.055	0.073	0.110	0.145	0.170	0.180	0.172	0.152	0.137	0.123	0.129	0.116	0.110	0.101	0.091	0.077
135	2	Dry meadow 40	0.024	0.038	0.040	0.044	0.050	0.052	0.056	0.056	0.054	0.058	0.060	0.063	0.067	0.076	0.082	0.084	0.085	0.094	0.096	0.086	0.098	0.102	0.108	0.099	0.093	0.090
136	2	Dry meadow 41	0.020	0.022	0.029	0.034	0.039	0.042	0.044	0.046	0.045	0.046	0.051	0.056	0.069	0.076	0.085	0.087	0.089	0.102	0.102	0.098	0.105	0.110	0.111	0.108	0.101	0.097
137	2	Dry meadow 42	0.026	0.043	0.051	0.063	0.071	0.081	0.091	0.092	0.091	0.081	0.084	0.087	0.091	0.104	0.117	0.125	0.120	0.137	0.124	0.117	0.142	0.151	0.158	0.158	0.142	0.132
138	2	Dry meadow 43	0.019	0.023	0.027	0.034	0.034	0.034	0.040	0.040	0.036	0.040	0.044	0.050	0.062	0.076	0.089	0.094	0.095	0.092	0.087	0.082	0.080	0.078	0.084	0.081	0.079	0.074
139	2	Dry meadow 44	0.022	0.026	0.030	0.041	0.040	0.044	0.049	0.050	0.047	0.050	0.056	0.063	0.076	0.099	0.124	0.131	0.134	0.125	0.118	0.112	0.110	0.112	0.126	0.116	0.113	0.106
140	2	Dry meadow 45	0.037	0.042	0.050	0.062	0.064	0.070	0.073	0.076	0.072	0.076	0.084	0.096	0.114	0.143	0.162	0.171	0.170	0.166	0.160	0.153	0.137	0.130	0.150	0.157	0.134	0.127
141	2	Dry meadow 46	0.034	0.033	0.040	0.036	0.042	0.042	0.044	0.048	0.052	0.049	0.056	0.059	0.067	0.076	0.078	0.082	0.082	0.083	0.082	0.085	0.084	0.092	0.093	0.098	0.099	0.105
142	2	Meadow 10	0.054	0.050	0.050	0.048	0.050	0.047	0.047	0.047	0.046	0.050	0.051	0.057	0.067	0.077	0.085	0.091	0.094	0.089	0.083	0.085	0.087	0.083	0.080	0.079	0.075	0.075
144	2	Lake (covered with vegetation)	0.065	0.083	0.092	0.098	0.104	0.108	0.110	0.113	0.118	0.120	0.121	0.120	0.115	0.119	0.140	0.161	0.170	0.182	0.181	0.172	0.165	0.164	0.154	0.163	0.174	0.182
145	2	Sedge	0.045	0.046	0.049	0.050	0.052	0.054	0.056	0.057	0.059	0.061	0.065	0.078	0.099	0.134	0.154	0.164	0.157	0.141	0.126	0.114	0.166	0.100	0.090	0.092	0.085	0.100
146	2	Shallows of river covered with grass	0.055	0.060	0.062	0.067	0.069	0.070	0.071	0.073	0.077	0.079	0.080	0.082	0.094	0.113	0.122	0.129	0.129	0.117	0.113	0.112	0.113	0.116	0.116	0.112	0.103	0.084
147	2	Plantain	0.060	0.060	0.060	0.060	0.060	0.058	0.057	0.056	0.054	0.053	0.054	0.060	0.096	0.122	0.136	0.142	0.140	0.126	0.105	0.093	0.087	0.082	0.076	0.070	0.064	0.056
148	2	Wormwood 1	0.058	0.056	0.054	0.054	0.054	0.054	0.056	0.058	0.060	0.063	0.067	0.069	0.070	0.071	0.072	0.077	0.079	0.081	0.081	0.081	0.081	0.081	0.081	0.081	0.085	0.091
149	2	Wormwood 2	0.109	0.116	0.119	0.120	0.121	0.122	0.123	0.127	0.129	0.134	0.143	0.151	0.153	0.156	0.157	0.159	0.161	0.166	0.169	0.170	0.172	0.174	0.176	0.179	0.180	0.183
150	2	Wormwood 3	0.210	0.210	0.210	0.212	0.216	0.220	0.223	0.230	0.234	0.240	0.245	0.251	0.259	0.264	0.271	0.279	0.284	0.291	0.299	0.303	0.310	0.317	0.320	0.325	0.328	0.329
151	2	Stream covered with weeds	0.028	0.022	0.021	0.026	0.026	0.022	0.021	0.026	0.035	0.048	0.051	0.050	0.048	0.047	0.047	0.050	0.053	0.053	0.050	0.047	0.046	0.046	0.046	0.046	0.046	0.046
152	2	Duckweed	0.046	0.045	0.044	0.043	0.042	0.042	0.045	0.046	0.046	0.044	0.048	0.052	0.060	0.067	0.070	0.071	0.070	0.070	0.069	0.065	0.064	0.065	0.064	0.063	0.064	0.068
153	2	Selin	0.053	0.061	0.070	0.079	0.086	0.091	0.098	0.103	0.108	0.112	0.120	0.128	0.135	0.141	0.150	0.158	0.165	0.172	0.180	0.187	0.189	0.189	0.186	0.181	0.175	0.166
154	2	Mountain side	0.060	0.064	0.068	0.068	0.078	0.082	0.081	0.086	0.088	0.094	0.098	0.096	0.104	0.119	0.130	0.141	0.150	0.149	0.137	0.131	0.140	0.152	0.160	0.165	0.159	0.131
155	2	Virgin steppe 1	0.025	0.030	0.034	0.035	0.036	0.040	0.048	0.054	0.057	0.057	0.057	0.062	0.071	0.079	0.084	0.088	0.089	0.089	0.088	0.087	0.086	0.085	0.083	0.085	0.092	0.100
156	2	Virgin steppe 2	0.022	0.024	0.027	0.028	0.030	0.032	0.037	0.039	0.037	0.037	0.040	0.046	0.058	0.066	0.073	0.075	0.076	0.075	0.074	0.071	0.067	0.065	0.065	0.065	0.068	0.070
157	2	Virgin steppe 3	0.054	0.062	0.067	0.067	0.064	0.067	0.072	0.067	0.060	0.064	0.071	0.081	0.091	0.091	0.101	0.105	0.108	0.112	0.113	0.111	0.106	0.100	0.096	0.098	0.104	0.108
161	2	Grass 1	0.031	0.035	0.036	0.045	0.045	0.044	0.043	0.044	0.043	0.045	0.049	0.054	0.058	0.075	0.083	0.081	0.081	0.083	0.082	0.074	0.071	0.072	0.074	0.070	0.069	0.068
162	2	Grass 2	0.046	0.056	0.058	0.059	0.067	0.070	0.067	0.058	0.052	0.050	0.068	0.060	0.077	0.129	0.170	0.221	0.200	0.180	0.179	0.167	0.156	0.146	0.135	0.095	0.078	0.072
163	2	Grass 3	0.053	0.057	0.059	0.062	0.063	0.065	0.069	0.073	0.075	0.083	0.083	0.093	0.097	0.101	0.110	0.119	0.120	0.123	0.123	0.127	0.128	0.132	0.132	0.134	0.135	0.136
164	2	Grass 4	0.010	0.013	0.014	0.014	0.018	0.020	0.022	0.024	0.026	0.037	0.053	0.078	0.097	0.107	0.114	0.115	0.110	0.096	0.073	0.053	0.045	0.047	0.048	0.040	0.025	0.007
165	2	Yantak (camel grass)	0.048	0.046	0.038	0.046	0.044	0.038	0.038	0.040	0.039	0.040	0.035	0.037	0.042	0.046	0.052	0.052	0.054	0.051	0.046	0.048	0.047	0.054	0.056	0.058	0.058	0.056
166	2	Fallow, green	0.021	0.014	0.019	0.021	0.025	0.027	0.028	0.032	0.031	0.033	0.036	0.047	0.050	0.063	0.070	0.072	0.070	0.068	0.066	0.062	0.062	0.060	0.061	0.058	0.060	0.060
167	2	Hillside	0.044	0.048	0.058	0.058	0.065	0.071	0.070	0.077	0.085	0.077	0.083	0.085	0.103	0.116	0.120	0.127	0.134	0.125	0.118	0.115	0.122	0.124	0.120	0.118	0.121	0.112
168	2	Hay	0.050	0.052	0.053	0.057	0.063	0.061	0.063	0.072	0.081	0.080	0.088	0.094	0.100	0.116	0.115	0.119	0.113	0.127	0.136	0.137	0.134	0.129	0.133	0.143	0.147	0.156
169	3	Lichens	0.027	0.027	0.027	0.027	0.027	0.027	0.028	0.030	0.033	0.037	0.040	0.041	0.043	0.048	0.050	0.052	0.055	0.058	0.060	0.061	0.063	0.067	0.069	0.070	0.071	0.074
170	3	Moss	0.028	0.025	0.021	0.020	0.021	0.022	0.023	0.025	0.028	0.029	0.032	0.036	0.038	0.040	0.043	0.048	0.050	0.049	0.049	0.051	0.056	0.061	0.066	0.067	0.066	0.063
171	3	Sphagnum moss 1	0.011	0.012	0.015	0.019	0.021	0.024	0.027	0.030	0.031	0.037	0.044	0.059	0.080	0.102	0.117	0.115	0.127	0.129	0.120	0.108	0.092	0.080	0.096	0.081	0.057	0.031
172	3	Sphagnum moss 2	0.032	0.039	0.042	0.050	0.055	0.062	0.070	0.079	0.089	0.101	0.116	0.132	0.151	0.176	0.195	0.214	0.224	0.230	0.230	0.222	0.200	0.182	0.198	0.201	0.182	0.163
173	3	Moss on rocks	0.016	0.015	0.016	0.017	0.018	0.019	0.020	0.021	0.022	0.025	0.027	0.032	0.039	0.042	0.048	0.051	0.054	0.055	0.051	0.050	0.050	0.050	0.050	0.049	0.045	0.040
174	3	Moss on turf	0.020	0.018	0.016	0.014	0.013	0.013	0.014	0.016	0.018	0.019	0.020	0.025	0.029	0.031	0.033	0.035	0.037	0.039	0.040	0.041	0.043	0.046	0.049	0.052	0.054	0.056
175	3	Reindeer moss	0.018	0.020	0.030	0.041	0.055	0.070	0.080	0.086	0.085	0.082	0.078	0.076	0.082	0.090	0.092	0.093	0.092	0.090	0.087	0.085	0.085	0.087	0.090	0.090	0.090	0.091
176	4	Vetch	0.060	0.058	0.059	0.064	0.067	0.066	0.072	0.079	0.076	0.076	0.082	0.092	0.104	0.116	0.120	0.120	0.119	0.117	0.115	0.113	0.110	0.114	0.118	0.113	0.106	0.100
177	4	Peas	0.115	0.117	0.128	0.137	0.136	0.121	0.118	0.125	0.142	0.157	0.170	0.192	0.230	0.278	0.296	0.308	0.311	0.313	0.315	0.330	0.351	0.386	0.412	0.350	0.304	0.292
178	4	Buckwheat	0.045	0.057	0.064	0.067	0.069	0.070	0.068	0.065	0.070	0.072	0.078	0.089	0.112	0.135	0.151	0.156	0.127	0.116	0.120	0.132	0.139	0.140	0.142	0.140	0.137	0.136
179	4	Cabbage	0.046	0.056	0.072	0.082	0.095	0.096	0.096	0.098	0.101	0.100	0.104	0.110	0.129	0.154	0.163	0.170	0.144	0.136	0.118	0.114	0.109	0.109	0.105	0.102	0.104	0.105
180	4	Potatoes	0.047	0.047	0.051	0.050	0.050	0.055	0.053	0.053	0.055	0.057	0.060	0.062	0.068	0.096	0.099	0.108	0.109	0.101	0.090	0.082	0.070	0.079	0.072	0.075	0.060	0.045
181	4	White clover	0.050	0.060	0.068	0.088	0.091	0.088	0.078	0.065	0.054	0.050	0.048	0.060	0.074	0.105	0.148	0.170	0.180	0.175	0.162	0.150	0.137	0.130	0.144	0.130	0.118	0.110
182	4	Red clover 1	0.078	0.078	0.079	0.084	0.089	0.084	0.079	0.070	0.059	0.056	0.054	0.065	0.078	0.105	0.132	0.135	0.139	0.146	0.159	0.157	0.155	0.160	0.167	0.162	0.156	0.152
183	4	Red clover 2	0.059	0.056	0.055	0.062	0.069	0.069	0.068	0.066	0.062	0.062	0.066	0.090	0.131	0.141	0.151	0.152	0.142	0.127	0.109	0.103	0.099	0.083	0.082	0.084	0.069	0.063
184	4	Corn	0.032	0.032	0.034	0.034	0.034	0.042	0.044	0.038	0.037	0.036	0.042	0.051	0.068	0.080	0.085	0.089	0.086	0.078	0.078	0.077	0.080	0.082	0.078	0.074	0.075	0.076
185	4	Oats 1	0.044	0.042	0.040	0.039	0.041	0.044	0.045	0.042	0.036	0.035	0.041	0.058	0.077	0.097	0.111	0.113	0.102	0.088	0.073	0.062	0.061	0.059	0.051	0.046	0.040	0.032
186	4	Oats 2	0.026	0.031	0.035	0.040	0.046	0.051	0.050	0.048	0.047	0.049	0.056	0.070	0.083	0.094	0.099	0.104	0.108	0.096	0.081	0.081	0.086	0.081	0.073	0.074	0.070	0.063
187	4	Oats 3	0.051	0.050	0.055	0.064	0.071	0.074	0.075	0.074	0.073	0.071	0.074	0.100	0.120	0.141	0.152	0.160	0.156	0.147	0.135	0.123	0.119	0.118	0.118	0.113	0.106	0.095
188	4	Oats 4	0.067	0.072	0.082	0.093	0.100	0.106	0.109	0.108	0.105	0.100	0.101	0.121	0.145	0.171	0.192	0.207	0.206	0.190	0.172	0.161	0.158	0.153	0.152	0.150	0.141	0.121
189	4	Oats 5	0.021	0.022	0.026	0.030	0.032	0.034	0.034	0.032	0.029	0.027	0.030	0.040	0.051	0.064	0.076	0.086	0.085	0.073	0.064	0.061	0.067	0.067	0.060	0.054	0.051	0.049
190	4	Oats 6	0.025	0.031	0.034	0.039	0.041	0.045	0.045	0.045	0.041	0.040	0.044	0.051	0.065	0.090	0.114	0.141	0.152	0.132	0.107	0.090	0.093	0.092	0.082	0.081	0.080	0.072
191	4	Oats 7	0.039	0.041	0.049	0.056	0.059	0.062	0.064	0.064	0.061	0.059	0.054	0.064	0.082	0.101	0.118	0.134	0.141	0.128	0.112	0.103	0.108	0.107	0.094	0.090	0.089	0.081
192	4	Sunflower	0.056	0.054	0.052	0.051	0.052	0.053	0.053	0.056	0.059	0.061	0.063	0.067	0.078	0.094	0.102	0.110	0.099	0.088	0.081	0.078	0.076	0.076	0.076	0.076	0.076	0.076
193	4	Oat field	0.043	0.043	0.046	0.051	0.052	0.053	0.054	0.057	0.059	0.061	0.068	0.078	0.088	0.097	0.100	0.101	0.103	0.103	0.103	0.104	0.105	0.106	0.106	0.107	0.109	0.111
194	4	Lentil field	0.035	0.037	0.039	0.040	0.040	0.041	0.044	0.046	0.048	0.050	0.052	0.055	0.058	0.059	0.061	0.063	0.066	0.069	0.070	0.071	0.071	0.072	0.073	0.075	0.076	0.077
195	4	Barley field	0.050	0.056	0.061	0.068	0.072	0.076	0.079	0.081	0.082	0.094	0.100	0.103	0.109	0.119	0.133	0.147	0.151	0.157	0.158	0.159	0.161	0.167	0.173	0.183	0.195	0.210
196	4	Tomatoes	0.022	0.028	0.030	0.030	0.030	0.030	0.030	0.030	0.030	0.031	0.037	0.044	0.051	0.060	0.063	0.062	0.059	0.052	0.048	0.043	0.040	0.039	0.038	0.036	0.036	0.036
197	4	Millet 1	0.020	0.020	0.020	0.020	0.020	0.020	0.022	0.025	0.024	0.023	0.026	0.029	0.050	0.075	0.083	0.087	0.078	0.060	0.049	0.038	0.030	0.042	0.058	0.054	0.041	0.034
198	4	Millet 2	0.025	0.026	0.029	0.031	0.036	0.040	0.042	0.043	0.041	0.044	0.046	0.049	0.060	0.082	0.078	0.094	0.097	0.087	0.072	0.056	0.055	0.061	0.067	0.065	0.052	0.042
199	4	Millet 3	0.025	0.026	0.029	0.031	0.036	0.040	0.042	0.043	0.041	0.044	0.046	0.049	0.060	0.072	0.078	0.074	0.067	0.057	0.051	0.045	0.044	0.054	0.061	0.060	0.055	0.051
200	4	Millet 4	0.025	0.026	0.029	0.031	0.036	0.040	0.042	0.043	0.041	0.044	0.046	0.050	0.071	0.112	0.158	0.165	0.150	0.179	0.114	0.104	0.091	0.078	0.078	0.076	0.070	0.067
201	4	Wheat 1	0.031	0.040	0.041	0.044	0.049	0.051	0.052	0.052	0.051	0.049	0.046	0.046	0.060	0.081	0.100	0.119	0.120	0.111	0.097	0.096	0.091	0.080	0.071	0.066	0.064	0.070
202	4	Wheat 2	0.070	0.088	0.101	0.108	0.105	0.103	0.108	0.111	0.121	0.131	0.150	0.188	0.232	0.267	0.300	0.331	0.345	0.337	0.282	0.293	0.295	0.278	0.225	0.201	0.186	0.218
203	4	Wheat 3	0.090	0.111	0.127	0.137	0.132	0.128	0.136	0.149	0.162	0.182	0.203	0.238	0.279	0.337	0.386	0.450	0.508	0.509	0.375	0.380	0.417	0.390	0.302	0.236	0.199	0.235
204	4	Wheat 4	0.030	0.033	0.039	0.048	0.057	0.061	0.061	0.062	0.064	0.069	0.074	0.083	0.092	0.104	0.114	0.123	0.127	0.126	0.123	0.120	0.117	0.112	0.110	0.109	0.110	0.111
205	4	Wheat 5	0.060	0.081	0.100	0.119	0.130	0.132	0.132	0.134	0.139	0.142	0.149	0.164	0.200	0.262	0.313	0.352	0.374	0.372	0.335	0.310	0.289	0.286	0.275	0.264	0.259	0.256
206	4	Wheat 6	0.101	0.125	0.143	0.159	0.170	0.174	0.175	0.175	0.178	0.181	0.190	0.216	0.257	0.335	0.420	0.474	0.493	0.489	0.460	0.410	0.384	0.363	0.348	0.339	0.330	0.320
207	4	Wheat 7	0.019	0.020	0.023	0.027	0.030	0.032	0.033	0.033	0.033	0.034	0.038	0.040	0.050	0.069	0.086	0.099	0.103	0.091	0.072	0.062	0.059	0.056	0.052	0.050	0.042	0.033
208	4	Wheat 8	0.025	0.031	0.036	0.041	0.045	0.049	0.050	0.051	0.051	0.053	0.058	0.069	0.094	0.126	0.159	0.174	0.167	0.147	0.124	0.111	0.102	0.099	0.092	0.088	0.080	0.071
209	4	Wheat 9	0.092	0.104	0.113	0.122	0.128	0.133	0.141	0.145	0.140	0.138	0.139	0.149	0.181	0.222	0.271	0.325	0.378	0.385	0.311	0.291	0.258	0.244	0.218	0.182	0.169	0.154
210	4	Wheat 10	0.021	0.025	0.029	0.033	0.039	0.041	0.042	0.043	0.044	0.043	0.043	0.050	0.060	0.079	0.093	0.112	0.121	0.118	0.100	0.083	0.080	0.071	0.067	0.063	0.060	0.059
211	4	Wheat 11	0.025	0.036	0.043	0.050	0.051	0.052	0.052	0.051	0.050	0.050	0.050	0.055	0.068	0.085	0.104	0.124	0.132	0.137	0.118	0.101	0.091	0.083	0.078	0.072	0.069	0.063
212	4	Wheat 12	0.028	0.040	0.049	0.053	0.058	0.059	0.059	0.060	0.061	0.063	0.069	0.084	0.110	0.146	0.164	0.161	0.150	0.141	0.138	0.133	0.132	0.131	0.130	0.129	0.127	0.123
213	4	Wheat 13	0.041	0.051	0.061	0.069	0.072	0.077	0.079	0.080	0.081	0.083	0.089	0.105	0.131	0.162	0.179	0.183	0.174	0.161	0.155	0.154	0.154	0.152	0.150	0.144	0.140	0.132
214	4	Winter rye 1	0.072	0.083	0.091	0.099	0.108	0.113	0.120	0.121	0.120	0.121	0.131	0.143	0.151	0.177	0.191	0.214	0.216	0.198	0.180	0.160	0.164	0.170	0.169	0.165	0.160	0.153
215	4	Winter rye 2	0.027	0.029	0.030	0.036	0.039	0.040	0.040	0.040	0.041	0.044	0.050	0.060	0.074	0.090	0.101	0.108	0.107	0.094	0.082	0.078	0.077	0.076	0.075	0.073	0.071	0.070
216	4	Summer rye	0.032	0.034	0.040	0.047	0.052	0.061	0.069	0.071	0.072	0.075	0.079	0.085	0.093	0.110	0.129	0.157	0.169	0.158	0.140	0.120	0.105	0.108	0.107	0.100	0.092	0.085
217	4	Oat straw	0.052	0.063	0.075	0.084	0.094	0.107	0.121	0.134	0.149	0.161	0.173	0.183	0.195	0.206	0.215	0.220	0.223	0.222	0.220	0.218	0.217	0.216	0.215	0.215	0.215	0.215
218	4	Wheat straw	0.044	0.063	0.076	0.082	0.095	0.112	0.125	0.138	0.150	0.163	0.173	0.180	0.187	0.193	0.200	0.208	0.217	0.225	0.234	0.243	0.251	0.258	0.265	0.272	0.277	0.282
219	4	Rye straw	0.041	0.048	0.062	0.074	0.084	0.101	0.123	0.130	0.140	0.154	0.167	0.180	0.193	0.207	0.219	0.227	0.233	0.242	0.248	0.253	0.258	0.261	0.266	0.272	0.269	0.272
220	4	Lentil straw	0.037	0.044	0.050	0.049	0.048	0.050	0.052	0.055	0.066	0.071	0.072	0.073	0.075	0.079	0.080	0.080	0.085	0.089	0.085	0.083	0.082	0.081	0.085	0.090	0.094	0.096
221	4	Cotton 1	0.058	0.064	0.069	0.070	0.071	0.072	0.073	0.074	0.077	0.079	0.081	0.087	0.094	0.112	0.133	0.141	0.137	0.126	0.115	0.103	0.106	0.102	0.090	0.084	0.076	0.078
222	4	Cotton 2	0.039	0.041	0.047	0.051	0.054	0.058	0.059	0.060	0.061	0.065	0.070	0.081	0.103	0.118	0.108	0.098	0.095	0.091	0.083	0.070	0.052	0.051	0.045	0.035	0.032	0.031
223	4	Barley 1	0.027	0.027	0.028	0.030	0.029	0.032	0.034	0.034	0.035	0.035	0.037	0.046	0.072	0.099	0.110	0.113	0.103	0.094	0.081	0.067	0.065	0.057	0.052	0.043	0.042	0.040
224	4	Barley 2	0.028	0.038	0.038	0.038	0.038	0.038	0.042	0.047	0.046	0.044	0.047	0.067	0.094	0.117	0.131	0.132	0.137	0.130	0.120	0.110	0.118	0.122	0.117	0.110	0.100	0.095
225	4	Barley 3	0.040	0.044	0.049	0.050	0.052	0.054	0.058	0.060	0.062	0.071	0.084	0.113	0.150	0.175	0.187	0.187	0.182	0.171	0.159	0.152	0.150	0.148	0.141	0.132	0.121	0.111
226	4	Barley 4	0.044	0.050	0.052	0.056	0.059	0.061	0.063	0.065	0.062	0.065	0.075	0.091	0.117	0.144	0.163	0.171	0.169	0.161	0.153	0.151	0.153	0.151	0.149	0.142	0.135	0.131
227	4	Barley 5	0.071	0.081	0.091	0.108	0.122	0.140	0.155	0.170	0.185	0.200	0.212	0.228	0.238	0.249	0.257	0.265	0.272	0.280	0.284	0.289	0.290	0.290	0.290	0.290	0.290	0.290
230	5	Ravines	0.190	0.218	0.239	0.251	0.262	0.271	0.280	0.288	0.293	0.301	0.309	0.318	0.325	0.334	0.342	0.352	0.361	0.371	0.379	0.389	0.398	0.407	0.416	0.422	0.428	0.430
231	5	River bank	0.148	0.151	0.155	0.160	0.164	0.169	0.171	0.177	0.181	0.186	0.190	0.194	0.200	0.207	0.215	0.223	0.231	0.238	0.241	0.244	0.246	0.248	0.249	0.249	0.250	0.250
232	5	Boulders 1	0.164	0.171	0.180	0.188	0.195	0.201	0.208	0.212	0.217	0.219	0.220	0.220	0.220	0.220	0.220	0.219	0.219	0.219	0.219	0.220	0.227	0.234	0.235	0.235	0.235	0.234
233	5	Boulders 2	0.059	0.059	0.059	0.060	0.060	0.061	0.062	0.064	0.068	0.071	0.072	0.078	0.081	0.085	0.088	0.090	0.091	0.092	0.092	0.091	0.090	0.090	0.089	0.084	0.080	0.074
234	5	clay	0.355	0.378	0.418	0.464	0.499	0.528	0.549	0.567	0.582	0.599	0.610	0.623	0.633	0.642	0.651	0.661	0.669	0.675	0.681	0.690	0.700	0.710	0.721	0.732	0.743	0.757
235	5	Bottom of reservoir	0.080	0.088	0.095	0.102	0.108	0.113	0.118	0.122	0.130	0.137	0.145	0.153	0.162	0.171	0.179	0.187	0.191	0.197	0.202	0.210	0.220	0.230	0.240	0.252	0.260	0.280
236	5	Limestone	0.223	0.249	0.269	0.290	0.308	0.325	0.342	0.360	0.375	0.391	0.410	0.433	0.457	0.480	0.500	0.525	0.541	0.559	0.571	0.585	0.597	0.607	0.615	0.624	0.631	0.639
237	5	Silt	0.200	0.200	0.193	0.190	0.193	0.200	0.210	0.220	0.224	0.220	0.210	0.185	0.174	0.170	0.174	0.180	0.188	0.190	0.188	0.190	0.193	0.198	0.198	0.210	0.225	0.250
238	5	Conglomerate	0.124	0.129	0.136	0.141	0.147	0.152	0.159	0.163	0.170	0.175	0.180	0.188	0.193	0.200	0.210	0.221	0.234	0.254	0.270	0.288	0.301	0.312	0.320	0.327	0.331	0.332
239	5	Turf hillock	0.045	0.046	0.047	0.048	0.049	0.050	0.051	0.054	0.057	0.060	0.063	0.067	0.070	0.073	0.077	0.079	0.079	0.074	0.073	0.074	0.077	0.079	0.082	0.085	0.086	0.086
240	5	Edge of river bank	0.103	0.105	0.107	0.110	0.111	0.114	0.118	0.122	0.127	0.130	0.132	0.137	0.140	0.141	0.143	0.145	0.147	0.149	0.151	0.155	0.160	0.164	0.170	0.176	0.179	0.181
241	5	Wind eroded place 1	0.102	0.122	0.135	0.144	0.148	0.149	0.156	0.165	0.169	0.169	0.172	0.181	0.194	0.209	0.218	0.230	0.241	0.255	0.267	0.277	0.287	0.302	0.314	0.322	0.330	0.337
242	5	Wind eroded place 2	0.119	0.121	0.125	0.137	0.154	0.170	0.180	0.184	0.187	0.191	0.196	0.208	0.220	0.233	0.246	0.260	0.275	0.290	0.299	0.304	0.309	0.312	0.313	0.312	0.311	0.305
243	5	Talus 1	0.079	0.080	0.081	0.082	0.083	0.087	0.088	0.090	0.091	0.094	0.098	0.102	0.109	0.118	0.130	0.139	0.142	0.145	0.146	0.148	0.150	0.151	0.160	0.166	0.160	0.150
244	5	Talus 2	0.152	0.154	0.156	0.159	0.161	0.166	0.170	0.170	0.170	0.171	0.178	0.188	0.197	0.203	0.205	0.207	0.209	0.213	0.218	0.222	0.223	0.224	0.221	0.217	0.210	0.200
245	5	Talus 3	0.051	0.057	0.060	0.061	0.063	0.064	0.066	0.068	0.068	0.066	0.065	0.065	0.068	0.070	0.071	0.073	0.076	0.078	0.080	0.081	0.082	0.082	0.081	0.078	0.072	0.065
246	5	Shallows	0.078	0.079	0.080	0.080	0.081	0.084	0.088	0.089	0.090	0.091	0.093	0.097	0.101	0.104	0.110	0.113	0.117	0.120	0.121	0.120	0.117	0.111	0.109	0.114	0.121	0.128
247	5	Sand	0.179	0.184	0.189	0.195	0.202	0.208	0.214	0.219	0.224	0.231	0.238	0.247	0.256	0.265	0.273	0.282	0.289	0.295	0.301	0.307	0.314	0.320	0.327	0.334	0.341	0.349
248	5	Sand dunes 1	0.156	0.156	0.156	0.157	0.159	0.162	0.167	0.175	0.184	0.196	0.211	0.228	0.240	0.250	0.256	0.260	0.261	0.260	0.259	0.258	0.256	0.256	0.257	0.259	0.264	0.269
249	5	Sand dunes 2	0.168	0.182	0.197	0.211	0.225	0.237	0.247	0.251	0.256	0.264	0.279	0.300	0.321	0.339	0.354	0.369	0.379	0.389	0.400	0.407	0.417	0.422	0.429	0.433	0.439	0.440
250	5	Sand dunes 3	0.161	0.174	0.189	0.202	0.215	0.229	0.239	0.244	0.250	0.257	0.270	0.287	0.308	0.324	0.340	0.353	0.365	0.375	0.384	0.393	0.401	0.410	0.616	0.622	0.628	0.631
251	5	Sand dunes 4	0.155	0.169	0.181	0.195	0.208	0.220	0.230	0.237	0.241	0.250	0.260	0.276	0.293	0.312	0.328	0.341	0.352	0.363	0.373	0.381	0.390	0.400	0.409	0.415	0.420	0.426
252	5	Sand dunes 5	0.110	0.113	0.119	0.122	0.129	0.133	0.141	0.149	0.155	0.163	0.172	0.183	0.193	0.203	0.211	0.220	0.225	0.232	0.238	0.241	0.248	0.252	0.260	0.266	0.275	0.285
253	5	Sand dunes 6	0.140	0.141	0.145	0.148	0.151	0.156	0.160	0.167	0.175	0.187	0.198	0.208	0.218	0.225	0.233	0.241	0.248	0.251	0.257	0.260	0.264	0.271	0.280	0.290	0.301	0.319
254	5	Sand dunes 7	0.122	0.126	0.130	0.135	0.140	0.145	0.150	0.158	0.165	0.174	0.183	0.193	0.204	0.214	0.222	0.230	0.237	0.241	0.247	0.251	0.257	0.263	0.270	0.279	0.290	0.301
255	5	Sand dunes 8	0.125	0.133	0.142	0.150	0.160	0.170	0.180	0.191	0.203	0.219	0.234	0.253	0.265	0.278	0.285	0.293	0.300	0.305	0.308	0.310	0.311	0.310	0.309	0.305	0.302	0.299
256	5	Sand dunes 9	0.104	0.111	0.117	0.121	0.122	0.124	0.127	0.129	0.130	0.133	0.138	0.142	0.150	0.160	0.169	0.180	0.189	0.198	0.205	0.210	0.211	0.211	0.210	0.210	0.211	0.213
257	5	Sand dunes 10	0.143	0.150	0.160	0.168	0.178	0.186	0.200	0.212	0.224	0.241	0.254	0.270	0.287	0.303	0.321	0.341	0.352	0.364	0.371	0.376	0.378	0.378	0.377	0.376	0.375	0.374
258	5	Sand dunes 11	0.150	0.159	0.168	0.177	0.187	0.199	0.210	0.221	0.235	0.253	0.268	0.284	0.300	0.323	0.340	0.359	0.370	0.380	0.388	0.391	0.395	0.398	0.397	0.396	0.394	0.390
259	5	Sand dunes 12	0.120	0.127	0.135	0.142	0.150	0.159	0.170	0.179	0.191	0.206	0.221	0.237	0.251	0.267	0.272	0.287	0.294	0.302	0.308	0.314	0.318	0.318	0.317	0.316	0.315	0.314
260	5	Sand dunes 13	0.162	0.170	0.180	0.190	0.201	0.212	0.224	0.237	0.251	0.264	0.278	0.288	0.300	0.311	0.321	0.330	0.339	0.345	0.351	0.354	0.357	0.358	0.357	0.356	0.354	0.350
261	5	Sand dunes 14	0.154	0.162	0.173	0.184	0.192	0.204	0.215	0.225	0.238	0.250	0.259	0.270	0.280	0.290	0.298	0.306	0.312	0.319	0.322	0.328	0.331	0.334	0.337	0.338	0.339	0.339
262	5	Sand dunes 15	0.088	0.095	0.103	0.112	0.120	0.131	0.140	0.151	0.161	0.172	0.183	0.196	0.207	0.218	0.230	0.243	0.254	0.264	0.272	0.279	0.281	0.284	0.285	0.286	0.287	0.287
263	5	Sand dunes 16	0.131	0.139	0.148	0.157	0.168	0.178	0.189	0.200	0.210	0.222	0.230	0.241	0.248	0.253	0.259	0.261	0.263	0.266	0.268	0.269	0.270	0.272	0.274	0.277	0.279	0.280
264	5	Sand dunes 17	0.136	0.144	0.153	0.163	0.173	0.183	0.194	0.206	0.218	0.233	0.244	0.252	0.262	0.269	0.277	0.279	0.283	0.286	0.287	0.288	0.289	0.290	0.291	0.293	0.294	0.295
265	5	Sand dunes 18	0.111	0.117	0.123	0.129	0.138	0.147	0.153	0.162	0.172	0.184	0.198	0.212	0.227	0.243	0.260	0.277	0.287	0.303	0.313	0.320	0.322	0.324	0.323	0.327	0.328	0.329
266	5	Sand dunes 19	0.182	0.200	0.218	0.237	0.253	0.272	0.289	0.308	0.323	0.341	0.359	0.370	0.382	0.394	0.403	0.412	0.420	0.427	0.431	0.435	0.438	0.438	0.438	0.435	0.431	0.429
267	5	Sand dunes 20	0.136	0.144	0.153	0.163	0.173	0.183	0.194	0.206	0.218	0.229	0.236	0.244	0.250	0.258	0.268	0.277	0.284	0.294	0.300	0.305	0.310	0.315	0.319	0.320	0.321	0.322
268	5	Sandstone, brick red	0.117	0.124	0.125	0.127	0.130	0.136	0.146	0.146	0.156	0.166	0.178	0.178	0.185	0.195	0.211	0.238	0.250	0.262	0.284	0.282	0.280	0.296	0.329	0.351	0.371	0.368
269	5	Sandstone, light grey	0.400	0.413	0.430	0.450	0.470	0.493	0.515	0.538	0.557	0.570	0.578	0.583	0.588	0.593	0.598	0.605	0.610	0.615	0.625	0.633	0.640	0.648	0.652	0.654	0.655	0.655
270	5	Iridescence in places of wind erosion	0.181	0.193	0.205	0.217	0.224	0.232	0.241	0.249	0.257	0.269	0.280	0.295	0.309	0.322	0.335	0.349	0.361	0.374	0.385	0.398	0.405	0.410	0.413	0.414	0.413	0.411
272	5	Soil, podsol 1	0.038	0.040	0.042	0.044	0.047	0.049	0.050	0.051	0.051	0.051	0.051	0.051	0.051	0.053	0.054	0.057	0.059	0.061	0.065	0.067	0.069	0.070	0.071	0.074	0.077	0.079
273	5	Soil, podsol 2	0.045	0.047	0.049	0.051	0.053	0.055	0.057	0.059	0.060	0.061	0.061	0.061	0.061	0.061	0.062	0.065	0.067	0.069	0.071	0.073	0.075	0.077	0.079	0.082	0.085	0.087
274	5	Soil, podsol 3	0.041	0.043	0.047	0.049	0.050	0.053	0.054	0.056	0.057	0.058	0.058	0.058	0.058	0.058	0.059	0.060	0.063	0.066	0.068	0.070	0.072	0.074	0.076	0.079	0.080	0.082
275	5	Soil, podsol 4	0.034	0.036	0.039	0.041	0.043	0.046	0.047	0.048	0.049	0.049	0.049	0.049	0.049	0.048	0.050	0.051	0.053	0.058	0.060	0.061	0.063	0.064	0.066	0.068	0.070	0.071
276	5	Soil, podsol 5	0.041	0.041	0.042	0.043	0.045	0.047	0.048	0.048	0.049	0.049	0.050	0.054	0.056	0.058	0.060	0.062	0.066	0.069	0.072	0.076	0.078	0.080	0.081	0.082	0.081	0.080
277	5	Soil, podsol 6	0.054	0.056	0.059	0.061	0.065	0.069	0.070	0.071	0.070	0.070	0.071	0.075	0.079	0.081	0.085	0.089	0.092	0.100	0.105	0.111	0.115	0.119	0.120	0.120	0.119	0.117
278	5	Soil, podsol 7	0.046	0.047	0.048	0.049	0.050	0.051	0.053	0.054	0.055	0.056	0.059	0.060	0.061	0.063	0.065	0.067	0.070	0.073	0.078	0.080	0.082	0.085	0.088	0.090	0.090	0.090
279	5	Soil, podsol 8	0.038	0.039	0.040	0.040	0.041	0.042	0.042	0.043	0.045	0.047	0.048	0.049	0.051	0.054	0.056	0.059	0.060	0.063	0.067	0.071	0.073	0.074	0.075	0.075	0.074	0.073
280	5	Soil, podsol 9	0.050	0.050	0.050	0.051	0.053	0.055	0.057	0.059	0.059	0.059	0.060	0.062	0.065	0.068	0.070	0.071	0.074	0.077	0.081	0.086	0.089	0.092	0.094	0.096	0.098	0.099
281	5	Soil, podsol 10	0.104	0.105	0.106	0.107	0.110	0.111	0.112	0.111	0.110	0.111	0.115	0.120	0.125	0.131	0.137	0.142	0.147	0.154	0.161	0.166	0.173	0.179	0.186	0.192	0.198	0.204
286	5	Soil, podsol, wet 1	0.050	0.050	0.051	0.053	0.056	0.058	0.059	0.060	0.060	0.060	0.060	0.058	0.054	0.054	0.061	0.071	0.076	0.076	0.077	0.080	0.083	0.087	0.085	0.081	0.078	0.076
287	5	Soil, podsol, wet 2	0.062	0.064	0.068	0.072	0.077	0.079	0.080	0.080	0.080	0.081	0.083	0.086	0.090	0.095	0.100	0.105	0.107	0.109	0.112	0.117	0.119	0.121	0.122	0.123	0.123	0.123
288	5	Soil, podsol, wet 3	0.111	0.119	0.128	0.136	0.141	0.147	0.151	0.152	0.153	0.155	0.158	0.160	0.163	0.168	0.175	0.183	0.190	0.197	0.201	0.206	0.211	0.216	0.221	0.229	0.235	0.240
289	5	Soil, podsol, wet 4	0.103	0.111	0.119	0.126	0.132	0.139	0.141	0.145	0.146	0.147	0.149	0.152	0.158	0.161	0.165	0.171	0.179	0.186	0.191	0.197	0.201	0.206	0.211	0.217	0.221	0.227
290	5	Soil, sandy, loam 1	0.029	0.029	0.030	0.031	0.036	0.040	0.041	0.042	0.043	0.043	0.044	0.046	0.047	0.049	0.050	0.054	0.058	0.059	0.060	0.062	0.065	0.067	0.069	0.070	0.071	0.072
291	5	Soil, sandy, loam 2	0.029	0.029	0.030	0.031	0.036	0.040	0.041	0.042	0.043	0.043	0.044	0.046	0.047	0.049	0.050	0.054	0.058	0.059	0.060	0.062	0.065	0.067	0.069	0.070	0.071	0.072
292	5	Soil, sandy, loam 3	0.034	0.031	0.032	0.034	0.040	0.046	0.049	0.050	0.050	0.050	0.050	0.050	0.051	0.053	0.057	0.060	0.062	0.064	0.067	0.071	0.074	0.077	0.080	0.082	0.086	0.087
293	5	Soil, sandy, loam 4	0.043	0.043	0.044	0.049	0.054	0.060	0.062	0.064	0.065	0.067	0.070	0.073	0.079	0.083	0.086	0.087	0.088	0.090	0.096	0.102	0.110	0.112	0.122	0.130	0.136	0.140
294	5	Soil, sandy, loam 5	0.081	0.080	0.080	0.080	0.081	0.083	0.086	0.089	0.093	0.097	0.101	0.106	0.109	0.111	0.113	0.115	0.116	0.117	0.119	0.120	0.122	0.127	0.131	0.137	0.141	0.146
295	5	Soil, sandy, loam 6	0.150	0.150	0.150	0.150	0.150	0.152	0.154	0.157	0.161	0.166	0.172	0.178	0.184	0.191	0.197	0.202	0.206	0.208	0.212	0.216	0.220	0.224	0.228	0.232	0.235	0.239
296	5	Soil, sandy, loam 7	0.084	0.084	0.084	0.086	0.090	0.094	0.095	0.090	0.090	0.092	0.094	0.093	0.098	0.103	0.104	0.106	0.110	0.116	0.122	0.128	0.130	0.131	0.126	0.130	0.133	0.138
297	5	Soil, sandy, loam 8	0.108	0.113	0.118	0.123	0.129	0.133	0.137	0.142	0.147	0.153	0.159	0.166	0.174	0.184	0.198	0.215	0.222	0.226	0.228	0.231	0.236	0.242	0.250	0.258	0.266	0.269
299	5	Soil, sandy, loam, dry	0.094	0.100	0.109	0.110	0.118	0.125	0.132	0.138	0.141	0.143	0.143	0.143	0.143	0.144	0.145	0.147	0.150	0.152	0.156	0.159	0.163	0.168	0.173	0.178	0.184	0.189
300	5	Soil, sandy, loam 9	0.102	0.110	0.118	0.126	0.132	0.139	0.144	0.148	0.149	0.150	0.147	0.144	0.142	0.140	0.142	0.146	0.150	0.156	0.164	0.173	0.182	0.188	0.196	0.202	0.206	0.208
301	5	Soil, sandy, loam 10	0.102	0.110	0.118	0.126	0.132	0.139	0.144	0.148	0.149	0.150	0.147	0.144	0.142	0.140	0.142	0.146	0.150	0.156	0.164	0.173	0.182	0.188	0.196	0.202	0.206	0.208
302	5	Soil, grey podsol	0.037	0.040	0.041	0.043	0.041	0.037	0.035	0.035	0.038	0.040	0.043	0.047	0.049	0.050	0.049	0.049	0.050	0.055	0.059	0.060	0.060	0.060	0.060	0.060	0.060	0.060
303	5	Soil, black earth 1	0.054	0.055	0.058	0.061	0.067	0.070	0.073	0.075	0.073	0.075	0.079	0.081	0.083	0.085	0.086	0.086	0.087	0.089	0.090	0.091	0.091	0.092	0.095	0.099	0.101	0.103
304	5	Soil, black earth 2	0.016	0.016	0.016	0.016	0.017	0.018	0.019	0.020	0.020	0.020	0.020	0.020	0.020	0.020	0.020	0.020	0.020	0.020	0.020	0.021	0.021	0.021	0.022	0.023	0.024	0.025
305	5	Soil, black earth 3	0.048	0.049	0.050	0.051	0.052	0.053	0.055	0.057	0.058	0.059	0.060	0.060	0.060	0.060	0.059	0.058	0.057	0.055	0.055	0.055	0.056	0.057	0.058	0.059	0.058	0.055
306	5	Soil, black earth 4	0.048	0.049	0.050	0.051	0.052	0.053	0.055	0.057	0.058	0.059	0.060	0.060	0.060	0.060	0.060	0.060	0.061	0.062	0.062	0.063	0.063	0.064	0.065	0.066	0.066	0.065
307	5	Soil, black earth 5	0.024	0.023	0.022	0.023	0.023	0.023	0.023	0.024	0.025	0.026	0.026	0.026	0.026	0.027	0.028	0.029	0.030	0.030	0.030	0.030	0.030	0.031	0.033	0.034	0.036	0.035
308	5	Soil, black earth 6	0.033	0.033	0.033	0.032	0.031	0.030	0.030	0.030	0.031	0.032	0.033	0.034	0.034	0.034	0.034	0.032	0.031	0.031	0.033	0.035	0.037	0.038	0.039	0.040	0.039	0.039
309	5	Soil, black earth 7	0.037	0.037	0.037	0.037	0.037	0.036	0.036	0.037	0.038	0.039	0.040	0.040	0.040	0.040	0.040	0.040	0.040	0.040	0.040	0.040	0.041	0.042	0.043	0.044	0.043	0.042
310	5	Soil, black earth 8	0.042	0.042	0.042	0.042	0.042	0.043	0.045	0.046	0.048	0.049	0.049	0.049	0.049	0.047	0.045	0.044	0.044	0.044	0.045	0.047	0.049	0.050	0.051	0.050	0.050	0.049
312	5	Cliffs 1	0.087	0.088	0.089	0.090	0.090	0.092	0.096	0.100	0.101	0.101	0.101	0.103	0.112	0.129	0.140	0.147	0.141	0.135	0.135	0.141	0.150	0.160	0.170	0.182	0.193	0.201
313	5	Cliffs 2	0.068	0.077	0.089	0.122	0.158	0.188	0.212	0.231	0.245	0.256	0.265	0.271	0.278	0.281	0.285	0.289	0.290	0.291	0.292	0.294	0.295	0.296	0.297	0.298	0.298	0.298
314	5	Cliffs 3	0.075	0.081	0.089	0.097	0.100	0.101	0.100	0.096	0.094	0.094	0.096	0.099	0.101	0.105	0.108	0.109	0.110	0.110	0.110	0.111	0.111	0.111	0.110	0.103	0.098	0.088
315	5	Hill slope	0.083	0.084	0.085	0.087	0.088	0.089	0.090	0.092	0.096	0.100	0.105	0.112	0.119	0.124	0.130	0.135	0.140	0.146	0.150	0.152	0.154	0.156	0.159	0.161	0.167	0.173
316	5	Shale	0.451	0.472	0.493	0.519	0.535	0.554	0.571	0.590	0.607	0.621	0.637	0.650	0.663	0.677	0.688	0.699	0.707	0.714	0.721	0.729	0.732	0.738	0.740	0.740	0.739	0.738
317	5	Salt marshes	0.139	0.142	0.150	0.157	0.163	0.172	0.179	0.181	0.185	0.192	0.202	0.211	0.218	0.223	0.230	0.238	0.248	0.258	0.266	0.272	0.278	0.281	0.283	0.285	0.288	0.289
318	5	Turf	0.021	0.022	0.023	0.025	0.028	0.029	0.030	0.031	0.032	0.033	0.033	0.032	0.033	0.037	0.038	0.037	0.037	0.037	0.038	0.041	0.043	0.044	0.045	0.045	0.046	0.047
319	6	Earth road 1	0.061	0.062	0.064	0.066	0.068	0.067	0.066	0.064	0.063	0.067	0.070	0.077	0.082	0.084	0.083	0.081	0.081	0.084	0.087	0.088	0.088	0.089	0.090	0.091	0.094	0.093
320	6	Earth road 2	0.056	0.057	0.058	0.060	0.061	0.063	0.065	0.058	0.071	0.073	0.075	0.074	0.076	0.079	0.081	0.084	0.089	0.091	0.092	0.094	0.097	0.099	0.102	0.109	0.113	0.119
321	6	Earth road 3	0.091	0.092	0.094	0.098	0.100	0.104	0.108	0.112	0.117	0.121	0.123	0.127	0.129	0.133	0.137	0.140	0.141	0.143	0.148	0.150	0.153	0.158	0.162	0.170	0.175	0.180
322	6	Earth road 4	0.081	0.079	0.078	0.077	0.076	0.076	0.076	0.077	0.080	0.083	0.087	0.090	0.093	0.098	0.099	0.100	0.101	0.105	0.108	0.110	0.111	0.112	0.112	0.111	0.110	0.113
323	6	Earth road 5	0.072	0.074	0.079	0.089	0.092	0.094	0.093	0.091	0.093	0.099	0.105	0.113	0.119	0.124	0.127	0.128	0.129	0.130	0.131	0.136	0.141	0.149	0.151	0.151	0.150	0.149
324	6	Earth road 6	0.154	0.162	0.170	0.178	0.183	0.188	0.188	0.185	0.182	0.183	0.187	0.190	0.191	0.191	0.191	0.191	0.190	0.189	0.186	0.181	0.178	0.171	0.165	0.158	0.151	0.141
325	6	Earth road 7	0.121	0.127	0.131	0.137	0.140	0.146	0.150	0.152	0.156	0.159	0.161	0.165	0.170	0.179	0.188	0.199	0.206	0.211	0.217	0.219	0.220	0.219	0.218	0.213	0.210	0.209
326	6	Earth road 8	0.027	0.026	0.025	0.027	0.028	0.031	0.033	0.035	0.036	0.037	0.038	0.039	0.040	0.042	0.047	0.050	0.055	0.060	0.066	0.071	0.073	0.072	0.070	0.063	0.057	0.049
327	6	Earth road 9	0.136	0.140	0.141	0.142	0.142	0.141	0.142	0.143	0.147	0.150	0.153	0.158	0.160	0.161	0.161	0.163	0.168	0.171	0.177	0.181	0.185	0.188	0.187	0.184	0.182	0.185
328	6	Road	0.626	0.640	0.651	0.661	0.669	0.675	0.679	0.681	0.684	0.689	0.697	0.707	0.718	0.732	0.749	0.765	0.773	0.779	0.781	0.782	0.781	0.778	0.774	0.772	0.774	0.790
329	6	Cobblestone road 1	0.106	0.108	0.110	0.113	0.116	0.120	0.125	0.132	0.140	0.150	0.160	0.169	0.177	0.184	0.191	0.198	0.206	0.214	0.220	0.224	0.227	0.228	0.229	0.229	0.230	0.232
330	6	Cobblestone road 2	0.172	0.190	0.215	0.232	0.241	0.247	0.257	0.266	0.270	0.273	0.272	0.276	0.288	0.299	0.310	0.316	0.321	0.321	0.326	0.333	0.341	0.349	0.356	0.366	0.376	0.386
331	6	Cobblestone road 3	0.109	0.106	0.104	0.108	0.113	0.122	0.130	0.137	0.140	0.141	0.142	0.146	0.148	0.149	0.150	0.151	0.150	0.150	0.151	0.157	0.161	0.166	0.169	0.171	0.174	0.176
332	6	Cobblestone road 4	0.052	0.055	0.055	0.057	0.061	0.063	0.064	0.062	0.065	0.068	0.064	0.054	0.043	0.040	0.044	0.056	0.064	0.069	0.069	0.068	0.066	0.066	0.068	0.067	0.067	0.069
333	7	Water in river 1	0.153	0.159	0.162	0.168	0.171	0.177	0.180	0.183	0.188	0.191	0.193	0.198	0.200	0.202	0.204	0.206	0.208	0.206	0.204	0.202	0.200	0.198	0.194	0.191	0.186	0.180
334	7	Water in river 2	0.100	0.103	0.107	0.110	0.113	0.119	0.122	0.127	0.131	0.134	0.139	0.143	0.148	0.151	0.157	0.161	0.165	0.170	0.174	0.180	0.184	0.189	0.191	0.195	0.199	0.201
335	7	Water in reservoir	0.070	0.076	0.081	0.087	0.092	0.099	0.105	0.112	0.119	0.126	0.131	0.138	0.144	0.152	0.160	0.169	0.175	0.181	0.184	0.183	0.177	0.167	0.157	0.145	0.134	0.125
337	7	Snow 1	0.830	0.830	0.825	0.820	0.820	0.820	0.815	0.810	0.805	0.800	0.800	0.795	0.790	0.785	0.780	0.775	0.770	0.765	0.760	0.760	0.755	0.750	0.750	0.745	0.740	0.735
338	7	Snow 2	0.520	0.500	0.490	0.480	0.470	0.470	0.470	0.470	0.470	0.470	0.470	0.470	0.470	0.470	0.470	0.470	0.470	0.470	0.480	0.480	0.480	0.490	0.500	0.500	0.500	0.510
354	7	Snow 3	0.720	0.720	0.725	0.730	0.730	0.730	0.735	0.740	0.740	0.740	0.740	0.740	0.745	0.750	0.750	0.750	0.750	0.750	0.750	0.750	0.755	0.760	0.760	0.760	0.760	0.760
355	8	Stones; gathered in a pile, dry  	0.100	0.112	0.123	0.137	0.145	0.154	0.161	0.168	0.172	0.178	0.182	0.197	0.209	0.211	0.202	0.182	0.174	0.179	0.182	0.197	0.200	0.202	0.204	0.209	0.217	0.222
356	8	Brick, red	0.100	0.102	0.105	0.108	0.110	0.111	0.113	0.115	0.118	0.120	0.121	0.127	0.134	0.149	0.167	0.191	0.214	0.240	0.267	0.291	0.310	0.329	0.342	0.354	0.352	0.370
357	8	Roof, shingled	0.095	0.098	0.099	0.102	0.101	0.105	0.108	0.108	0.114	0.113	0.118	0.125	0.132	0.136	0.143	0.146	0.152	0.150	0.152	0.158	0.159	0.161	0.166	0.169	0.171	0.172
358	8	Roof, iron (painted red)	0.093	0.097	0.099	0.100	0.100	0.100	0.100	0.100	0.101	0.103	0.108	0.113	0.119	0.120	0.121	0.124	0.131	0.143	0.151	0.159	0.167	0.177	0.184	0.189	0.191	0.192
359	8	Roof, straw 1	0.158	0.164	0.175	0.193	0.212	0.226	0.234	0.236	0.233	0.225	0.213	0.209	0.213	0.220	0.229	0.242	0.251	0.256	0.257	0.252	0.240	0.235	0.234	0.234	0.236	0.234
360	8	Roof, straw 2	0.133	0.136	0.135	0.139	0.139	0.143	0.149	0.147	0.147	0.150	0.151	0.159	0.166	0.172	0.177	0.182	0.187	0.192	0.196	0.196	0.193	0.183	0.180	0.183	0.186	0.190
361	8	Bridge, wooden	0.182	0.185	0.188	0.192	0.197	0.201	0.207	0.214	0.225	0.233	0.250	0.261	0.270	0.278	0.284	0.289	0.290	0.289	0.282	0.276	0.272	0.268	0.266	0.264	0.263	0.262
362	8	Street, cobblestone 1	0.053	0.053	0.055	0.058	0.060	0.062	0.064	0.069	0.072	0.079	0.082	0.087	0.090	0.092	0.095	0.097	0.099	0.100	0.101	0.103	0.107	0.109	0.111	0.115	0.120	0.126
363	8	Street, cobblestone 2	0.165	0.167	0.170	0.176	0.181	0.188	0.191	0.211	0.224	0.234	0.243	0.249	0.250	0.251	0.264	0.270	0.274	0.280	0.283	0.286	0.288	0.289	0.290	0.290	0.290	0.291
364	8	Street, wood block	0.115	0.121	0.125	0.130	0.136	0.141	0.147	0.152	0.158	0.161	0.167	0.172	0.177	0.181	0.183	0.189	0.191	0.194	0.197	0.200	0.201	0.202	0.203	0.203	0.204	0.203
365	8	Quay, granite	0.210	0.211	0.212	0.215	0.220	0.228	0.236	0.248	0.260	0.269	0.279	0.289	0.298	0.305	0.312	0.322	0.328	0.333	0.339	0.342	0.344	0.346	0.347	0.347	0.346	0.342
366	8	Square, asphalt	0.062	0.063	0.063	0.064	0.066	0.068	0.069	0.070	0.071	0.072	0.073	0.075	0.078	0.079	0.080	0.080	0.081	0.082	0.082	0.083	0.084	0.084	0.084	0.084	0.084	0.084
367	8	Wall of log house	0.142	0.149	0.153	0.159	0.161	0.164	0.168	0.173	0.180	0.189	0.196	0.201	0.204	0.207	0.207	0.205	0.203	0.207	0.219	0.226	0.232	0.239	0.242	0.246	0.245	0.243
368	8	Sidewalk, asphalt	0.151	0.152	0.154	0.159	0.162	0.168	0.177	0.187	0.194	0.204	0.213	0.222	0.230	0.239	0.247	0.252	0.259	0.263	0.267	0.270	0.271	0.272	0.272	0.271	0.269	0.268
369	8	Sidewalk, flagstone	0.204	0.224	0.240	0.253	0.259	0.260	0.260	0.260	0.262	0.272	0.290	0.310	0.327	0.344	0.353	0.360	0.367	0.380	0.397	0.410	0.420	0.427	0.429	0.424	0.420	0.422
370	8	Roof tile, red	0.075	0.081	0.086	0.092	0.099	0.105	0.113	0.121	0.130	0.140	0.150	0.160	0.171	0.182	0.194	0.204	0.214	0.225	0.232	0.239	0.243	0.246	0.249	0.251	0.253	0.255
END_DATA
