#
#   Lumencore -  SPECTRA X
#
#   7-channel light source
#
#   quantity    power

[Control]
Xpx	Ypx	X	Y
59	601	350	0
59 95	350	20
1046 601	700	0
1046	95	700	20

[Violet]
129 601
129 601
138 601
144 596
147 589
149 578
156 519
159 469
165 398
168 364
172 301
178 204
182 149
185 115
188 100
190 105
192 108
193 126
195 148
197 176
201 220
205 273
209 334
212 378
216 425
218 467
220 492
224 558
225 573
227 582
229 588
232 593
237 596
245 601
255 601
255 601


[Blue]
262 601
262 601
263 598
266 596
268 597
270 599
272 596
273 591
277 536
280 457
283 350
284 312
286 274
289 233
293 211
296 197
297 191
298 190
301 188
304 192
306 204
309 223
317 284
324 342
328 384
330 412
332 450
335 506
338 549
340 575
342 588
344 594
350 597
357 601
364 601
364 601


[Cyan]
350 601
350 601
354 601
357 593
361 574
364 556
369 535
375 511
383 480
392 434
397 403
403 366
404 355
409 332
415 310
418 293
421 283
422 281
425 285
426 298
429 346
431 415
433 473
435 518
437 552
438 574
439 585
441 595
448 598
453 600
462 601
471 601
471 601


[Teal]
461 601
461 601
468 601
472 600
475 592
478 584
481 568
483 555
486 544
489 537
496 532
504 530
513 529
520 531
528 534
535 537
539 540
542 552
544 562
546 573
549 584
551 593
554 597
557 599
561 601
568 601
568 601


[Green]
571 601
571 601
580 601
588 600
590 587
593 552
595 490
598 401
599 343
600 303
602 225
606 174
609 164
614 169
618 171
624 180
631 186
634 200
637 253
642 389
645 501
648 565
649 580
651 591
654 596
658 598
662 601
672 601
672 601

[Yellow]
632 601
632 601
639 601
645 598
648 595
649 578
655 437
657 351
660 289
662 256
663 243
665 241
673 254
685 278
695 296
704 317
715 337
719 355
723 414
726 465
728 521
731 558
733 578
735 589
737 595
742 598
748 601
764 601
764 601

[Red]
772 601
772 601
795 601
813 599
825 599
831 601
836 563
839 494
844 366
848 311
853 269
857 244
860 233
862 229
866 233
869 250
874 292
878 340
884 404
889 457
896 503
898 515
905 544
910 559
918 576
923 589
927 595
933 601
945 601
961 601
961 601
