#
#   Foveon X3 - sensor
#
#   spectral response curves 
#   
#   Richard F. Lyon and Paul M. Hubel
#   Eyeing the Camera: into the Next Century.
#   Tenth Color Imaging Conference.
#   Scottsdale, Arizona. 
#   Vol. 10. pp. 349-355 (2002).
#
#   quantity    photons->electrical

[Control]
Xpx	Ypx	X	Y
81 373 350 0
667 373 750 0
81 41 350 0.35

[Red]
129 372
154 371
195 368
228 365
261 357
295 335
318 314
342 282
365 249
383 219
401 194
418 169
440 144
460 118
470 103
481 87
492 77
505 72
520 65
531 65
540 66
551 63
562 60
572 63
581 69
590 72
602 68
609 65
616 68
623 75

[Green]
126 372
147 371
164 368
190 348
207 324
221 298
233 272
246 248
259 221
273 197
289 171
308 148
336 130
366 114
403 111
438 120
455 126
474 126
491 130
504 140
518 148
530 159
542 170
556 179
568 189
577 201
587 213
604 220
617 229

[Blue]
126 361
137 338
148 304
159 272
170 239
180 205
192 172
204 143
211 128
218 119
227 112
235 105
245 109
250 109
261 116
286 131
299 136
315 155
335 173
358 188
382 203
406 217
430 231
455 245
469 250
484 254
510 267
535 281
547 287
562 292
585 306
600 311
614 315
