
#   The RGB responsivity curves were digitized from an image at:
#   http://www.dxomark.com/Reviews/RED-Epic-Dragon-review-First-camera-to-break-the-100-point-DxOMark-sensor-score-barrier/In-Depth-Analysis
#   quantity    energy->electrical

[Control]
Xpx Ypx X Y
38 485 380 0
628 485 730 0
38 93 380 1

[R]
75 460
75 460
104 465
124 472
170 480
208 475
229 474
252 469
275 460
291 456
308 460
327 460
344 459
360 446
376 301
385 206
391 151
413 98
425 94
440 97
460 106
491 120
535 408
562 463
583 473
615 480
628 485
628 485

[G]
74 472
74 472
93 468
107 458
122 460
143 451
159 438
170 436
194 409
215 356
241 271
255 220
272 176
284 152
291 142
308 143
323 150
345 172
365 219
381 260
400 323
414 367
423 392
444 418
462 425
491 428
516 450
535 467
561 478
614 483
628 485
628 485

[B]
75 410
90 365
109 326
126 297
156 253
173 238
192 226
208 234
224 255
244 300
256 329
267 358
274 376
290 409
320 434
351 454
374 458
391 461
425 470
454 470
474 466
492 461
514 466
534 476
558 482
614 484
628 485
628 485
