#
#   Dagmar Peitsch, Andrea Fietz, Horst Hertel, John de Souza, Dora Fix Ventura, Randolf Menzel.
#   The spectral input systems of hymenopteran insects and their receptor-based colour vision.
#   Journal of Comparative Physiology A.
#   January 1992, Volume 170, Issue 1, pp 23-40
#
#   quantity    energy->neural

[Control]
Xpx Ypx X Y
80 374 300 0
575 374 700 0
80 46 300 1

[u]
70 374
70 374
80 357
88 333
94 299
101 249
110 175
116 129
122 94
127 70
130 57
133 51
136 48
142 56
146 73
150 97
155 129
161 158
170 192
176 215
181 233
186 259
191 282
196 300
202 317
208 328
215 340
222 355
229 366
236 374
236 374

[s]
85 374
85 374
98 368
109 361
122 345
130 332
139 320
148 308
160 297
170 276
177 250
183 224
189 198
196 171
206 139
213 115
221 88
230 66
235 54
239 48
244 48
248 56
254 73
262 93
270 114
278 134
287 161
295 180
305 205
314 229
322 255
331 283
340 302
346 314
353 323
363 329
374 330
386 337
402 345
422 357
438 366
451 374
451 374

[m]
80 374
80 374
102 355
116 341
129 333
149 317
165 310
183 314
199 321
210 327
226 329
242 327
259 315
272 297
283 279
296 262
307 243
317 222
331 189
345 155
358 128
370 96
378 76
388 59
396 50
403 47
409 52
417 68
425 95
432 121
438 150
443 174
447 202
453 231
461 268
470 303
479 328
486 343
501 359
516 367
531 371
547 373
560 374
560 374
