#
#   PhenolRed-Fig7.txt
#
#   Phenol Red
#
#   from Figure 7 in:
#   Luigi Rovati, Paola Fabbri, Luca Ferrari and Francesco Pilati (2012). 
#   Plastic Optical Fiber pH Sensor Using a Sol-Gel Sensing Matrix,
#   Fiber Optic Sensors, Dr Moh. Yasin (Ed.), 
#   InTech, DOI: 10.5772/26517. 
#   Available from: https://www.intechopen.com/books/fiber-optic-sensors/plastic-optical-fiber-ph-sensor-using-a-sol-gel-sensing-matrix
#
#   quantity: absorbance
#   
#   

[Control]
Xpx	Ypx	X	Y
205	649	350	0
879	649	650	0
205	153	350	2

[pH4]
205 604
234 593
255 578
288 546
327 507
353 486
371 478
390 475
412 480
430 493
448 512
480 548
506 578
533 605
566 628
608 643
633 647
655 648
719 649
879 649

[pH5]
205 599
227 592
248 577
280 544
315 505
357 468
389 457
415 466
433 481
458 510
487 547
511 577
536 604
568 626
622 643
654 646
699 647
729 648
767 649
767 649

[pH6]
204 596
227 588
244 576
271 548
299 516
334 476
361 454
389 445
420 458
445 484
468 514
489 544
518 580
546 607
585 629
625 637
654 637
680 636
714 642
750 647
790 648
879 649
879 649

[pH7]
204 597
231 587
259 572
301 538
330 510
363 487
391 480
434 498
464 525
492 553
518 576
546 592
580 598
620 592
649 576
663 566
674 563
691 573
709 600
727 624
749 640
777 646
796 647
830 649
880 649
880 649

[pH8]
205 591
223 584
238 582
251 584
266 587
279 589
299 586
325 574
350 562
375 553
395 549
419 548
449 553
475 558
503 558
527 554
549 541
573 521
593 499
612 474
630 443
646 406
660 373
668 358
674 355
684 365
692 392
700 432
707 473
716 517
727 563
740 600
753 624
769 637
786 643
804 647
838 648
879 649
879 649

[pH9]
204 585
215 580
226 577
241 582
261 602
276 618
296 629
308 630
330 629
361 623
399 613
433 600
460 588
499 557
534 516
564 465
591 408
614 356
635 290
651 222
663 176
669 161
674 155
682 167
688 199
698 269
705 333
712 391
723 479
735 547
746 591
757 614
775 634
806 646
824 648
862 649
880 649
880 649

[pH10]
205 580
220 574
230 574
243 580
263 605
279 626
298 637
316 640
357 636
402 623
441 603
479 573
513 535
549 475
583 401
610 330
631 258
648 184
663 114
674 93
684 118
690 151
704 272
716 400
728 494
735 535
749 587
763 618
777 633
791 641
804 645
825 647
852 648
879 649
879 649
