#	Technical Bulletin
#	TB-2014-005
#	Informative Notes on
#	SMPTE ST 2065-2 - Academy Printing Density (APD)
#	Spectral Responsivities, Reference Measurement Device
#	and Spectral Calculation
#	and
#	SMPTE ST 2065-3 Academy Density Exchange Encoding (ADX) 
#	Encoding Academy Printing Density (APD) Values
#
#	The Academy of Motion Picture Arts and Sciences
#	Science and Technology Council
#	Academy Color Encoding System (ACES) Project Committee
#	Version 1.0 December 19, 2014
#
#	Annex A		Spectral Responsivities P.APD
#
#	quantity    material->electrical
#
#   WARNING: wavelengths with all responsivity == 0 have been disabled

Wavelength r g b
#   360 0.0000 0.0000 0.0000    all 0s has been disabled
#   362 0.0000 0.0000 0.0000    "
#   364 0.0000 0.0000 0.0000    "
#   366 0.0000 0.0000 0.0000    "
368 0.0000 0.0000 0.0001 
370 0.0000 0.0000 0.0001 
372 0.0000 0.0001 0.0003 
374 0.0002 0.0001 0.0005 
376 0.0005 0.0002 0.0007 
378 0.0009 0.0002 0.0010 
380 0.0013 0.0002 0.0012 
382 0.0013 0.0002 0.0013 
384 0.0010 0.0001 0.0013 
386 0.0006 0.0001 0.0014 
388 0.0002 0.0000 0.0016 
390 0.0000 0.0000 0.0020 
392 0.0000 0.0000 0.0028
394 0.0000 0.0000 0.0037 
396 0.0000 0.0000 0.0050 
398 0.0000 0.0000 0.0065 
400 0.0000 0.0000 0.0083 
402 0.0000 0.0000 0.0107 
404 0.0000 0.0000 0.0138 
406 0.0000 0.0000 0.0175 
408 0.0000 0.0000 0.0219 
410 0.0000 0.0000 0.0268 
412 0.0000 0.0000 0.0325
414 0.0000 0.0000 0.0392
416 0.0000 0.0000 0.0471
418 0.0000 0.0000 0.0562
420 0.0000 0.0000 0.0667
422 0.0000 0.0000 0.0790
424 0.0000 0.0000 0.0935
426 0.0000 0.0000 0.1095
428 0.0000 0.0000 0.1265
430 0.0000 0.0000 0.1434
432 0.0000 0.0000 0.1591
434 0.0000 0.0000 0.1738
436 0.0000 0.0000 0.1891
438 0.0000 0.0000 0.2068
440 0.0000 0.0000 0.2290
442 0.0000 0.0003 0.2557
444 0.0000 0.0010 0.2866
446 0.0000 0.0020 0.3231
448 0.0000 0.0030 0.3670
450 0.0000 0.0039 0.4204
452 0.0000 0.0046 0.4863
454 0.0000 0.0052 0.5635
456 0.0000 0.0058 0.6478
458 0.0000 0.0064 0.7344
460 0.0000 0.0071 0.8174
462 0.0000 0.0079 0.8952
464 0.0000 0.0089 0.9611 
466 0.0000 0.0099 1.0000 
468 0.0000 0.0108 0.9959 
470 0.0000 0.0117 0.9339 
472 0.0000 0.0126 0.8125 
474 0.0000 0.0134 0.6538 
476 0.0000 0.0142 0.4825 
478 0.0000 0.0150 0.3240 
480 0.0000 0.0158 0.2028 
482 0.0000 0.0163 0.1230 
484 0.0000 0.0165 0.0710 
486 0.0000 0.0166 0.0407 
488 0.0000 0.0167 0.0243 
490 0.0000 0.0174 0.0150 
492 0.0000 0.0184 0.0087 
494 0.0000 0.0196 0.0051 
496 0.0000 0.0211 0.0033 
498 0.0000 0.0230 0.0025 
500 0.0000 0.0256 0.0020 
502 0.0000 0.0296 0.0014 
504 0.0000 0.0356 0.0009 
506 0.0000 0.0430 0.0004 
508 0.0000 0.0514 0.0001 
510 0.0000 0.0600 0.0000 
512 0.0000 0.0690 0.0000 
514 0.0000 0.0787 0.0000 
516 0.0000 0.0888 0.0000 
518 0.0000 0.0990 0.0000 
520 0.0000 0.1095 0.0000 
522 0.0000 0.1201 0.0000 
524 0.0000 0.1310 0.0000 
526 0.0000 0.1427 0.0000 
528 0.0000 0.1556 0.0000 
530 0.0000 0.1704 0.0000 
532 0.0000 0.1829 0.0000
534 0.0000 0.1944 0.0000
536 0.0000 0.2151 0.0000
538 0.0000 0.2556 0.0000
540 0.0000 0.3269 0.0000
542 0.0000 0.4552 0.0000
544 0.0000 0.6303 0.0000
546 0.0000 0.8082 0.0000
548 0.0000 0.9457 0.0000
550 0.0000 1.0000 0.0000
552 0.0000 0.9408 0.0000
554 0.0000 0.7932 0.0000
556 0.0000 0.5983 0.0000
558 0.0000 0.4023 0.0000
560 0.0000 0.2559 0.0000
562 0.0000 0.1744 0.0000
564 0.0000 0.1285 0.0000
566 0.0000 0.1051 0.0000
568 0.0000 0.0907 0.0000
570 0.0000 0.0718 0.0000
572 0.0023 0.0496 0.0000
574 0.0075 0.0330 0.0000
576 0.0133 0.0211 0.0000
578 0.0177 0.0129 0.0000
580 0.0197 0.0071 0.0000
582 0.0194 0.0033 0.0000
584 0.0181 0.0013 0.0000
586 0.0163 0.0003 0.0000
588 0.0146 0.0000 0.0000
590 0.0135 0.0000 0.0000
592 0.0128 0.0000 0.0000
594 0.0125 0.0000 0.0000
596 0.0125 0.0000 0.0000
598 0.0128 0.0000 0.0000
600 0.0134 0.0000 0.0000 
602 0.0149 0.0000 0.0000 
604 0.0176 0.0000 0.0000 
606 0.0214 0.0000 0.0000 
608 0.0262 0.0000 0.0000 
610 0.0318 0.0000 0.0000 
612 0.0383 0.0000 0.0000 
614 0.0461 0.0000 0.0000
616 0.0553 0.0000 0.0000 
618 0.0655 0.0000 0.0000 
620 0.0766 0.0000 0.0000
622 0.0890 0.0000 0.0000
624 0.1028 0.0000 0.0000 
626 0.1175 0.0000 0.0000 
628 0.1323 0.0000 0.0000 
630 0.1464 0.0000 0.0000 
632 0.1597 0.0000 0.0000 
634 0.1724 0.0000 0.0000 
636 0.1843 0.0000 0.0000 
638 0.1947 0.0000 0.0000 
640 0.2033 0.0000 0.0000 
642 0.2094 0.0000 0.0000 
644 0.2138 0.0000 0.0000 
646 0.2174 0.0000 0.0000
648 0.2215 0.0000 0.0000 
650 0.2275 0.0000 0.0000 
652 0.2348 0.0000 0.0000 
654 0.2432 0.0000 0.0000 
656 0.2544 0.0000 0.0000 
658 0.2702 0.0000 0.0000 
660 0.2923 0.0000 0.0000 
662 0.3213 0.0000 0.0000 
664 0.3560 0.0000 0.0000 
666 0.3954 0.0000 0.0000
668 0.4386 0.0000 0.0000
670 0.4845 0.0000 0.0000
672 0.5337 0.0000 0.0000
674 0.5867 0.0000 0.0000
676 0.6418 0.0000 0.0000
678 0.6977 0.0000 0.0000
680 0.7527 0.0000 0.0000
682 0.8112 0.0000 0.0000
684 0.8727 0.0000 0.0000
686 0.9289 0.0000 0.0000
688 0.9721 0.0000 0.0000
690 0.9950 0.0000 0.0000
692 1.0000 0.0000 0.0000
694 0.9928 0.0000 0.0000
696 0.9714 0.0000 0.0000
698 0.9336 0.0000 0.0000
700 0.8776 0.0000 0.0000
702 0.7997 0.0000 0.0000
704 0.7045 0.0000 0.0000
706 0.6028 0.0000 0.0000
708 0.5049 0.0000 0.0000
710 0.4203 0.0000 0.0000
712 0.3498 0.0000 0.0000
714 0.2876 0.0000 0.0000
716 0.2324 0.0000 0.0000
718 0.1834 0.0000 0.0000
720 0.1396 0.0000 0.0000
722 0.0984 0.0000 0.0000
724 0.0603 0.0000 0.0000
726 0.0289 0.0000 0.0000
728 0.0077 0.0000 0.0000
#   730 0.0000 0.0000 0.0000    all 0s has been disabled


